replayTaskStats AOI22 configure {0.24 0.02 0.0 0.0 1 0.332174062729 engnx05a.utdallas.edu 1746731155.59 1746731155.92 1}
replayTaskStats AOI22 configure {0.18 0.02 0.0 0.0 1 0.333378076553 engnx05a.utdallas.edu 1746731381.07 1746731381.4 1}
replayTaskStats AOI22 configure {0.18 0.01 0.0 0.0 1 0.32558298111 engnx05a.utdallas.edu 1746731844.19 1746731844.52 1}
replayTaskStats AOI22 configure {0.25 0.01 0.0 0.0 1 0.365956068039 engnx05a.utdallas.edu 1746732078.6 1746732078.96 1}
replayTaskStats AOI22 leakage_power__ACQ_1 {0.05 0.0 5.82 1.18 1 7.53362202644 engnx05a.utdallas.edu 1746732217.74 1746732225.28 1 0.0446748733521 7.4858789444 0.002112865448 0.012403011322 0.00326609611511 7.45114684105 0.0 0.0 0.0 0.0 0.0 0.0 0.0 0.0}
replayTaskStats AOI22 Cin__VSS__hl__ACQ_1 {0.05 0.01 6.04 1.16 1 7.77981901169 engnx05a.utdallas.edu 1746732225.29 1746732233.07 1 0.0435881614685 7.73239994049 0.00282096862793 0.0109560489655 0.00072193145752 7.70368480682 0.0 0.0 0.0 0.0 0.0 0.0 0.0 0.0}
replayTaskStats AOI22 Cin__VSS__lh__ACQ_1 {0.05 0.01 6.22 1.16 1 7.9098200798 engnx05a.utdallas.edu 1746732233.07 1746732240.98 1 0.0390238761902 7.86813092232 0.00214195251465 0.0094850063324 0.000581026077271 7.84205293655 0.0 0.0 0.0 0.0 0.0 0.0 0.0 0.0}
replayTaskStats AOI22 Cin__VDD__hl__ACQ_1 {0.1 0.02 5.95 1.14 1 7.62690401077 engnx05a.utdallas.edu 1746732240.98 1746732248.61 1 0.112632036209 7.5111079216 0.00265502929688 0.0106730461121 0.000663042068481 7.48487401009 0.0 0.0 0.0 0.0 0.0 0.0 0.0 0.0}
replayTaskStats AOI22 Cin__VDD__lh__ACQ_1 {0.05 0.01 6.01 1.16 1 7.62344908714 engnx05a.utdallas.edu 1746732248.61 1746732256.23 1 0.0392529964447 7.58076286316 0.00206208229065 0.0100519657135 0.000519037246704 7.55641388893 0.0 0.0 0.0 0.0 0.0 0.0 0.0 0.0}
replayTaskStats AOI22 configure {0.17 0.01 0.0 0.0 1 0.328099012375 engnx05a.utdallas.edu 1746732455.43 1746732455.76 1}
replayTaskStats AOI22 leakage_power__ACQ_1 {0.08 0.01 5.8 1.16 1 7.45922708511 engnx05a.utdallas.edu 1746732460.34 1746732467.8 1 0.080817937851 7.37609505653 0.00230383872986 0.0104520320892 0.00191020965576 7.3488779068 0.0 0.0 0.0 0.0 0.0 0.0 0.0 0.0}
replayTaskStats AOI22 Cin__VSS__hl__ACQ_1 {0.05 0.01 5.85 1.17 1 7.42401003838 engnx05a.utdallas.edu 1746732595.05 1746732602.48 1 0.0381348133087 7.38334584236 0.00224304199219 0.00999188423157 0.00054407119751 7.3600320816 0.0 0.0 0.0 0.0 0.0 0.0 0.0 0.0}
replayTaskStats AOI22 Cin__VSS__lh__ACQ_1 {0.04 0.0 5.72 1.17 1 7.27419281006 engnx05a.utdallas.edu 1746732602.48 1746732609.75 1 0.0362150669098 7.2351667881 0.00218105316162 0.0117399692535 0.000535011291504 7.21049189568 0.0 0.0 0.0 0.0 0.0 0.0 0.0 0.0}
replayTaskStats AOI22 Cin__VDD__hl__ACQ_1 {0.05 0.01 5.97 1.18 1 7.56127691269 engnx05a.utdallas.edu 1746732609.75 1746732617.31 1 0.0369670391083 7.52179384232 0.00213694572449 0.010969877243 0.000536918640137 7.49541187286 0.0 0.0 0.0 0.0 0.0 0.0 0.0 0.0}
replayTaskStats AOI22 Cin__VDD__lh__ACQ_1 {0.05 0.0 6.02 1.18 1 7.7082529068 engnx05a.utdallas.edu 1746732617.32 1746732625.02 1 0.0413539409637 7.66432785988 0.00210690498352 0.0103027820587 0.000519037246704 7.63919711113 0.0 0.0 0.0 0.0 0.0 0.0 0.0 0.0}
replayTaskStats OAI22 configure {0.18 0.0 0.0 0.0 1 0.261030912399 engnx05a.utdallas.edu 1746733276.2 1746733276.46 1}
replayTaskStats OAI22 configure {0.23 0.01 0.0 0.0 1 0.370110988617 engnx05a.utdallas.edu 1746733430.4 1746733430.77 1}
replayTaskStats OAI22 delay__INA__hl__OUT__lh__ACQ_1 {0.14 0.0 6.27 1.25 1 8.18736696243 engnx05a.utdallas.edu 1746733443.91 1746733452.1 1 0.112567901611 8.07162284851 0.00338697433472 0.0144500732422 0.000741958618164 7.85924816132 0.0 0.0 0.0 0.0 0.0 0.0 0.0 0.0}
replayTaskStats OAI22 delay__INA__lh__OUT__hl__ACQ_1 {0.06 0.01 6.2 1.16 1 8.08331513405 engnx05a.utdallas.edu 1746733452.1 1746733460.19 1 0.0474359989166 8.03258895874 0.00221085548401 0.011332988739 0.000617027282715 7.99856901169 0.0 0.0 0.0 0.0 0.0 0.0 0.0 0.0}
replayTaskStats OAI22 delay__INB__hl__OUT__lh__ACQ_1 {0.13 0.0 6.32 1.15 1 8.12122702599 engnx05a.utdallas.edu 1746733460.19 1746733468.31 1 0.100503921509 8.01664805412 0.00224709510803 0.0206279754639 0.000590085983276 7.96727800369 0.0 0.0 0.0 0.0 0.0 0.0 0.0 0.0}
replayTaskStats OAI22 delay__INB__lh__OUT__hl__ACQ_1 {0.07 0.03 6.2 1.21 1 7.95316410065 engnx05a.utdallas.edu 1746733468.31 1746733476.27 1 0.0709249973297 7.87954211235 0.0028440952301 0.0109610557556 0.000645160675049 7.84305405617 0.0 0.0 0.0 0.0 0.0 0.0 0.0 0.0}
replayTaskStats OAI22 delay__INC__hl__OUT__lh__ACQ_1 {0.07 0.01 6.29 1.13 1 7.93210101128 engnx05a.utdallas.edu 1746733476.27 1746733484.2 1 0.0475189685822 7.88201618195 0.00275683403015 0.0120069980621 0.000582933425903 7.84665513039 0.0 0.0 0.0 0.0 0.0 0.0 0.0 0.0}
replayTaskStats OAI22 delay__INC__lh__OUT__hl__ACQ_1 {0.07 0.0 6.19 1.15 1 7.80039596558 engnx05a.utdallas.edu 1746733484.2 1746733492.0 1 0.0461919307709 7.75172805786 0.00218391418457 0.0119278430939 0.000587940216064 7.71687293053 0.0 0.0 0.0 0.0 0.0 0.0 0.0 0.0}
replayTaskStats OAI22 delay__IND__hl__OUT__lh__ACQ_1 {0.06 0.0 6.14 1.19 1 7.81359791756 engnx05a.utdallas.edu 1746733492.0 1746733499.81 1 0.0456969738007 7.76537013054 0.00217199325562 0.0117709636688 0.000556945800781 7.73221302032 0.0 0.0 0.0 0.0 0.0 0.0 0.0 0.0}
replayTaskStats OAI22 leakage_power__ACQ_1 {0.04 0.0 5.86 1.14 1 7.46413898468 engnx05a.utdallas.edu 1746733507.63 1746733515.1 1 0.0337960720062 7.42762303352 0.00224685668945 0.0082700252533 0.00232195854187 7.40312218666 0.0 0.0 0.0 0.0 0.0 0.0 0.0 0.0}
replayTaskStats OAI22 Cin__VSS__hl__ACQ_1 {0.05 0.01 5.8 1.15 1 7.37945699692 engnx05a.utdallas.edu 1746733515.1 1746733522.48 1 0.0390961170197 7.33785295486 0.00219798088074 0.00728988647461 0.000536203384399 7.31744813919 0.0 0.0 0.0 0.0 0.0 0.0 0.0 0.0}
replayTaskStats OAI22 Cin__VSS__lh__ACQ_1 {0.05 0.0 5.82 1.2 1 7.42328882217 engnx05a.utdallas.edu 1746733522.48 1746733529.9 1 0.0346009731293 7.3861579895 0.0020740032196 0.00884795188904 0.000523090362549 7.36459207535 0.0 0.0 0.0 0.0 0.0 0.0 0.0 0.0}
replayTaskStats OAI22 delay__IND__lh__OUT__hl__ACQ_1 {0.07 0.01 6.13 1.19 1 7.80945396423 engnx05a.utdallas.edu 1746733499.81 1746733507.62 1 0.0464808940887 7.76031088829 0.00220990180969 0.0184459686279 0.000584125518799 7.72008395195 0.0 0.0 0.0 0.0 0.0 0.0 0.0 0.0}
replayTaskStats OAI22 Cin__VDD__hl__ACQ_1 {0.04 0.0 5.81 1.14 1 7.35448002815 engnx05a.utdallas.edu 1746733529.9 1746733537.26 1 0.0355598926544 7.316395998 0.00248908996582 0.00859904289246 0.000601053237915 7.29336905479 0.0 0.0 0.0 0.0 0.0 0.0 0.0 0.0}
replayTaskStats OAI22 Cin__VDD__lh__ACQ_1 {0.05 0.0 5.93 1.16 1 7.4939930439 engnx05a.utdallas.edu 1746733537.26 1746733544.75 1 0.0359220504761 7.45497608185 0.00358510017395 0.00966596603394 0.000784873962402 7.42836904526 0.0 0.0 0.0 0.0 0.0 0.0 0.0 0.0}
replayTaskStats OAI22 modeling {0.27 0.03 0.0 0.0 1 0.364777088165 engnx05a.utdallas.edu 1746733598.25 1746733598.61 1}
replayTaskStats OAI22 modeling {0.2 0.01 0.0 0.0 1 0.26704287529 engnx05a.utdallas.edu 1746733600.46 1746733600.73 1}
