replayTaskStats DFF2 configure {0.27 0.03 0.02 0.05 1 0.542587041855 engnx05a.utdallas.edu 1746734993.96 1746734994.51 1}
replayTaskStats DFF2 configure {0.31 0.02 0.02 0.05 1 0.667122125626 engnx05a.utdallas.edu 1746735336.72 1746735337.39 1}
replayTaskStats DFF2 initialization__ACQ_6 {0.09 0.01 6.31 1.43 1 8.23034405708 engnx05a.utdallas.edu 1746735349.22 1746735357.45 1 0.0788269042969 8.14857888222 0.00616693496704 0.0102300643921 0.00164914131165 7.95821785927 0.0 0.0 0.0 0.0 0.0 0.0 0.0 0.0}
replayTaskStats DFF2 initialization__ACQ_5 {0.04 0.0 6.28 1.27 1 7.99458694458 engnx05a.utdallas.edu 1746735357.45 1746735365.45 1 0.0303108692169 7.96167492867 0.00617909431458 0.0105581283569 0.00131583213806 7.93353581429 0.0 0.0 0.0 0.0 0.0 0.0 0.0 0.0}
replayTaskStats DFF2 initialization__ACQ_3 {0.04 0.0 6.06 1.24 1 7.70340800285 engnx05a.utdallas.edu 1746735365.45 1746735373.15 1 0.0290400981903 7.67192411423 0.00601196289062 0.0106301307678 0.00131106376648 7.64399909973 0.0 0.0 0.0 0.0 0.0 0.0 0.0 0.0}
replayTaskStats DFF2 initialization__ACQ_4 {0.05 0.01 6.01 1.21 1 7.63981294632 engnx05a.utdallas.edu 1746735373.15 1746735380.79 1 0.0433762073517 7.593791008 0.00537204742432 0.0104448795319 0.00128602981567 7.56617498398 0.0 0.0 0.0 0.0 0.0 0.0 0.0 0.0}
replayTaskStats DFF2 removal_hbm__R__hl__CLK__lh__ACQ_1 {0.07 0.0 18.4 1.52 1 20.4042031765 engnx05a.utdallas.edu 1746735380.79 1746735401.2 1 0.0452699661255 20.3564839363 0.00237417221069 0.0118851661682 0.00171685218811 20.3212349415 0.0 0.0 0.0 0.0 0.0 0.0 0.0 0.0}
replayTaskStats DFF2 recover_hbm__R__hl__CLK__lh__ACQ_1 {0.07 0.01 16.39 1.44 1 18.3239328861 engnx05a.utdallas.edu 1746735401.2 1746735419.52 1 0.042181968689 18.278840065 0.00295495986938 0.0140490531921 0.00347280502319 18.2316401005 0.0 0.0 0.0 0.0 0.0 0.0 0.0 0.0}
replayTaskStats DFF2 initialization__ACQ_1 {0.04 0.01 6.06 1.3 1 7.87532711029 engnx05a.utdallas.edu 1746735419.52 1746735427.4 1 0.0349979400635 7.83750700951 0.00531911849976 0.0111520290375 0.00137615203857 7.8069190979 0.0 0.0 0.0 0.0 0.0 0.0 0.0 0.0}
replayTaskStats DFF2 initialization__ACQ_2 {0.04 0.01 6.33 1.22 1 8.07408189774 engnx05a.utdallas.edu 1746735427.4 1746735435.47 1 0.0296611785889 8.04178500175 0.00530099868774 0.0127770900726 0.0015869140625 8.01135516167 0.0 0.0 0.0 0.0 0.0 0.0 0.0 0.0}
replayTaskStats DFF2 setup_hbm__D__lh__CLK__lh__ACQ_1 {0.07 0.0 21.54 1.47 1 23.8508040905 engnx05a.utdallas.edu 1746735435.47 1746735459.32 1 0.0481491088867 23.8000230789 0.00298309326172 0.0132360458374 0.0017991065979 23.7521111965 0.0 0.0 0.0 0.0 0.0 0.0 0.0 0.0}
replayTaskStats DFF2 setup_hbm__D__hl__CLK__lh__ACQ_1 {0.07 0.01 18.23 1.45 1 20.2409498692 engnx05a.utdallas.edu 1746735459.32 1746735479.57 1 0.0508110523224 20.1874709129 0.00268197059631 0.0148069858551 0.00168299674988 20.1409239769 0.0 0.0 0.0 0.0 0.0 0.0 0.0 0.0}
replayTaskStats DFF2 ncmpw_hbm__CLK__hl__CLK__lh__ACQ_1 {0.05 0.01 6.65 1.22 1 8.41003417969 engnx05a.utdallas.edu 1746735479.57 1746735487.98 1 0.0380799770355 8.36915016174 0.00253891944885 0.00836300849915 0.0015070438385 8.3399939537 0.0 0.0 0.0 0.0 0.0 0.0 0.0 0.0}
replayTaskStats DFF2 cmpw_hbm__CLK__lh__CLK__hl__ACQ_1 {0.06 0.0 6.88 1.24 1 8.57067918777 engnx05a.utdallas.edu 1746735487.98 1746735496.55 1 0.0440227985382 8.52392196655 0.00205397605896 0.00896692276001 0.00116801261902 8.49546408653 0.0 0.0 0.0 0.0 0.0 0.0 0.0 0.0}
replayTaskStats DFF2 cmpw_hbm__R__lh__R__hl__ACQ_1 {0.05 0.01 6.24 1.18 1 7.83128714561 engnx05a.utdallas.edu 1746735515.15 1746735522.98 1 0.0373718738556 7.79122900963 0.00262999534607 0.00839710235596 0.00114297866821 7.76441693306 0.0 0.0 0.0 0.0 0.0 0.0 0.0 0.0}
replayTaskStats DFF2 hold_hbm__D__hl__CLK__lh__ACQ_1 {0.06 0.0 16.67 1.41 1 18.6008520126 engnx05a.utdallas.edu 1746735496.55 1746735515.15 1 0.0422348976135 18.5560259819 0.00218296051025 0.0105018615723 0.00183510780334 18.5205512047 0.0 0.0 0.0 0.0 0.0 0.0 0.0 0.0}
replayTaskStats DFF2 delay__CLK__lh__Q__lh__ACQ_1 {0.07 0.01 7.63 1.27 1 9.37672591209 engnx05a.utdallas.edu 1746735543.04 1746735552.42 1 0.0527930259705 9.32102298737 0.00218296051025 0.011461019516 0.000553131103516 9.28622198105 0.0 0.0 0.0 0.0 0.0 0.0 0.0 0.0}
replayTaskStats DFF2 hold_hbm__D__lh__CLK__lh__ACQ_1 {0.07 0.0 18.21 1.32 1 20.0567600727 engnx05a.utdallas.edu 1746735522.98 1746735543.04 1 0.0431301593781 20.0105988979 0.00401616096497 0.0117728710175 0.00200510025024 19.9692118168 0.0 0.0 0.0 0.0 0.0 0.0 0.0 0.0}
replayTaskStats DFF2 leakage_power__ACQ_1 {0.05 0.01 6.06 1.25 1 7.69601392746 engnx05a.utdallas.edu 1746735570.65 1746735578.34 1 0.0303809642792 7.66312599182 0.0022599697113 0.00857400894165 0.00205183029175 7.63742399216 0.0 0.0 0.0 0.0 0.0 0.0 0.0 0.0}
replayTaskStats DFF2 Cin__D__hl__ACQ_1 {0.04 0.0 6.1 1.25 1 7.76506114006 engnx05a.utdallas.edu 1746735578.34 1746735586.11 1 0.0388150215149 7.72357487679 0.00275301933289 0.00808787345886 0.000591039657593 7.70128798485 0.0 0.0 0.0 0.0 0.0 0.0 0.0 0.0}
replayTaskStats DFF2 delay__CLK__lh__Q__hl__ACQ_1 {0.07 0.0 7.52 1.31 1 9.25011014938 engnx05a.utdallas.edu 1746735552.42 1746735561.67 1 0.0423109531403 9.20531702042 0.0022120475769 0.0122768878937 0.000562906265259 9.17051196098 0.0 0.0 0.0 0.0 0.0 0.0 0.0 0.0}
replayTaskStats DFF2 delay__R__lh__Q__hl__ACQ_1 {0.06 0.0 7.29 1.25 1 8.97803521156 engnx05a.utdallas.edu 1746735561.67 1746735570.65 1 0.0430898666382 8.93238782883 0.00211191177368 0.0120899677277 0.000569105148315 8.89858388901 0.0 0.0 0.0 0.0 0.0 0.0 0.0 0.0}
replayTaskStats DFF2 Cin__D__lh__ACQ_1 {0.05 0.0 6.03 1.14 1 7.60141611099 engnx05a.utdallas.edu 1746735586.11 1746735593.71 1 0.0337400436401 7.56515312195 0.00232315063477 0.00857996940613 0.000574111938477 7.54331707954 0.0 0.0 0.0 0.0 0.0 0.0 0.0 0.0}
replayTaskStats DFF2 Cin__VSS__hl__ACQ_1 {0.04 0.01 6.09 1.21 1 7.71256184578 engnx05a.utdallas.edu 1746735593.71 1746735601.42 1 0.0319900512695 7.67789292336 0.0021800994873 0.00917220115662 0.000558853149414 7.65565180779 0.0 0.0 0.0 0.0 0.0 0.0 0.0 0.0}
replayTaskStats DFF2 Cin__VSS__lh__ACQ_1 {0.04 0.0 6.12 1.18 1 7.71390581131 engnx05a.utdallas.edu 1746735601.42 1746735609.14 1 0.0338039398193 7.6774520874 0.00282382965088 0.0092601776123 0.000564098358154 7.65402913094 0.0 0.0 0.0 0.0 0.0 0.0 0.0 0.0}
replayTaskStats DFF2 Cin__CLK__hl__ACQ_1 {0.05 0.02 6.02 1.15 1 7.8201379776 engnx05a.utdallas.edu 1746735609.14 1746735616.96 1 0.0463690757751 7.77096104622 0.00249195098877 0.00961303710938 0.000653982162476 7.74114608765 0.0 0.0 0.0 0.0 0.0 0.0 0.0 0.0}
replayTaskStats DFF2 Cin__VDD__hl__ACQ_1 {0.08 0.04 6.04 1.18 1 7.70715904236 engnx05a.utdallas.edu 1746735616.96 1746735624.67 1 0.104038000107 7.60032510757 0.00234985351562 0.00806498527527 0.000511169433594 7.5788640976 0.0 0.0 0.0 0.0 0.0 0.0 0.0 0.0}
replayTaskStats DFF2 Cin__VDD__lh__ACQ_1 {0.04 0.0 6.15 1.19 1 7.80370187759 engnx05a.utdallas.edu 1746735624.67 1746735632.47 1 0.0316791534424 7.7693939209 0.00226998329163 0.00942087173462 0.000582933425903 7.74664592743 0.0 0.0 0.0 0.0 0.0 0.0 0.0 0.0}
replayTaskStats DFF2 Cin__R__hl__ACQ_1 {0.05 0.01 5.86 1.18 1 7.44217681885 engnx05a.utdallas.edu 1746735632.47 1746735639.91 1 0.0323100090027 7.40728902817 0.00221514701843 0.0112979412079 0.000591039657593 7.38234400749 0.0 0.0 0.0 0.0 0.0 0.0 0.0 0.0}
replayTaskStats DFF2 modeling {0.24 0.01 0.0 0.0 1 0.372082948685 engnx05a.utdallas.edu 1746735686.3 1746735686.67 1}
replayTaskStats DFF2 modeling {0.27 0.01 0.0 0.0 1 0.394867181778 engnx05a.utdallas.edu 1746735688.32 1746735688.72 1}
