replayTaskStats NOR2 configure {0.03 0.0 0.0 0.0 1 0.0311639308929 engnx05a.utdallas.edu 1746729719.93 1746729719.96 1}
replayTaskStats NOR2 configure {0.0 0.0 0.0 0.0 1 0.0146958827972 engnx05a.utdallas.edu 1746729792.43 1746729792.45 1}
replayTaskStats NOR2 configure {0.14 0.01 0.0 0.0 1 0.225703001022 engnx05a.utdallas.edu 1746729823.44 1746729823.67 1}
replayTaskStats NOR2 configure {0.09 0.01 0.0 0.0 1 0.184300899506 engnx05a.utdallas.edu 1746729831.14 1746729831.33 1}
replayTaskStats NOR2 delay__INA__lh__OUT__hl__ACQ_1 {0.12 0.01 6.3 1.29 1 8.14505910873 engnx05a.utdallas.edu 1746729842.58 1746729850.72 1 0.0922560691833 8.04984307289 0.00349378585815 0.0134680271149 0.000710010528564 7.84845089912 0.0 0.0 0.0 0.0 0.0 0.0 0.0 0.0}
replayTaskStats NOR2 delay__INA__hl__OUT__lh__ACQ_1 {0.06 0.01 6.03 1.15 1 7.63664293289 engnx05a.utdallas.edu 1746729850.72 1746729858.36 1 0.0419631004333 7.59209108353 0.00285410881042 0.0115180015564 0.000550985336304 7.55733203888 0.0 0.0 0.0 0.0 0.0 0.0 0.0 0.0}
replayTaskStats NOR2 delay__INB__lh__OUT__hl__ACQ_1 {0.06 0.0 6.32 1.16 1 7.95010113716 engnx05a.utdallas.edu 1746729858.36 1746729866.31 1 0.038773059845 7.9083571434 0.00217604637146 0.0125300884247 0.000560998916626 7.87383103371 0.0 0.0 0.0 0.0 0.0 0.0 0.0 0.0}
replayTaskStats NOR2 leakage_power__ACQ_1 {0.05 0.04 6.04 1.22 1 7.84374403954 engnx05a.utdallas.edu 1746729874.06 1746729881.9 1 0.0881249904633 7.75295710564 0.00326585769653 0.0092830657959 0.00210309028625 7.72545599937 0.0 0.0 0.0 0.0 0.0 0.0 0.0 0.0}
replayTaskStats NOR2 Cin__VSS__lh__ACQ_1 {0.04 0.0 6.12 1.22 1 7.85183691978 engnx05a.utdallas.edu 1746729881.9 1746729889.75 1 0.0449690818787 7.80418610573 0.00233101844788 0.00902605056763 0.000616073608398 7.78106498718 0.0 0.0 0.0 0.0 0.0 0.0 0.0 0.0}
replayTaskStats NOR2 Cin__VSS__hl__ACQ_1 {0.04 0.01 5.95 1.2 1 7.88401389122 engnx05a.utdallas.edu 1746729889.76 1746729897.64 1 0.039174079895 7.84130716324 0.00224304199219 0.00836610794067 0.000525951385498 7.81937980652 0.0 0.0 0.0 0.0 0.0 0.0 0.0 0.0}
replayTaskStats NOR2 delay__INB__hl__OUT__lh__ACQ_1 {0.06 0.01 6.06 1.19 1 7.74350786209 engnx05a.utdallas.edu 1746729866.31 1746729874.05 1 0.0416040420532 7.69878911972 0.00272607803345 0.0140821933746 0.000566005706787 7.65938591957 0.0 0.0 0.0 0.0 0.0 0.0 0.0 0.0}
replayTaskStats NOR2 Cin__VDD__lh__ACQ_1 {0.04 0.0 6.02 1.17 1 7.83108997345 engnx05a.utdallas.edu 1746729897.65 1746729905.48 1 0.0290451049805 7.7992079258 0.00277900695801 0.0128350257874 0.000675916671753 7.77154612541 0.0 0.0 0.0 0.0 0.0 0.0 0.0 0.0}
replayTaskStats NOR2 Cin__VDD__hl__ACQ_1 {0.05 0.0 6.08 1.17 1 7.72546982765 engnx05a.utdallas.edu 1746729905.48 1746729913.2 1 0.0387690067291 7.68400788307 0.00229096412659 0.00950384140015 0.000519990921021 7.65863609314 0.0 0.0 0.0 0.0 0.0 0.0 0.0 0.0}
replayTaskStats NOR2 modeling {0.13 0.01 0.0 0.0 1 0.214025974274 engnx05a.utdallas.edu 1746730019.88 1746730020.1 1}
replayTaskStats NOR2 modeling {0.18 0.0 0.0 0.0 1 0.228629827499 engnx05a.utdallas.edu 1746730022.53 1746730022.76 1}
replayTaskStats NOR2 configure {0.11 0.03 0.0 0.0 1 0.229617834091 engnx05a.utdallas.edu 1746740542.48 1746740542.71 1}
replayTaskStats NOR2 delay__INA__lh__OUT__hl__ACQ_1 {0.11 0.01 5.92 1.22 1 7.67395496368 engnx05a.utdallas.edu 1746740549.89 1746740557.56 1 0.0863480567932 7.58468794823 0.0022611618042 0.0153322219849 0.000680923461914 7.38465595245 0.0 0.0 0.0 0.0 0.0 0.0 0.0 0.0}
replayTaskStats NOR2 delay__INA__hl__OUT__lh__ACQ_1 {0.06 0.0 5.99 1.22 1 7.63778090477 engnx05a.utdallas.edu 1746740557.56 1746740565.2 1 0.0403020381927 7.59498691559 0.00226616859436 0.0148370265961 0.000550031661987 7.55766296387 0.0 0.0 0.0 0.0 0.0 0.0 0.0 0.0}
replayTaskStats NOR2 delay__INB__lh__OUT__hl__ACQ_1 {0.06 0.0 6.15 1.19 1 7.88743710518 engnx05a.utdallas.edu 1746740565.2 1746740573.09 1 0.038211107254 7.84672808647 0.0021870136261 0.0139441490173 0.000536918640137 7.81185817719 0.0 0.0 0.0 0.0 0.0 0.0 0.0 0.0}
replayTaskStats NOR2 leakage_power__ACQ_1 {0.06 0.01 5.92 1.16 1 7.52844905853 engnx05a.utdallas.edu 1746740580.73 1746740588.26 1 0.0446040630341 7.48002409935 0.0126729011536 0.0119428634644 0.00196409225464 7.44024205208 0.0 0.0 0.0 0.0 0.0 0.0 0.0 0.0}
replayTaskStats NOR2 Cin__VSS__lh__ACQ_1 {0.04 0.02 5.79 1.16 1 7.40182495117 engnx05a.utdallas.edu 1746740588.26 1746740595.66 1 0.0439348220825 7.35454297066 0.00216293334961 0.0111711025238 0.00068998336792 7.32859587669 0.0 0.0 0.0 0.0 0.0 0.0 0.0 0.0}
replayTaskStats NOR2 Cin__VSS__hl__ACQ_1 {0.04 0.0 5.78 1.16 1 7.38611388206 engnx05a.utdallas.edu 1746740595.66 1746740603.05 1 0.0301809310913 7.35317492485 0.00222682952881 0.0115191936493 0.000531196594238 7.32899284363 0.0 0.0 0.0 0.0 0.0 0.0 0.0 0.0}
replayTaskStats NOR2 delay__INB__hl__OUT__lh__ACQ_1 {0.06 0.01 5.96 1.18 1 7.64102506638 engnx05a.utdallas.edu 1746740573.09 1746740580.73 1 0.0376989841461 7.60066390038 0.00268006324768 0.0142419338226 0.000550031661987 7.56416010857 0.0 0.0 0.0 0.0 0.0 0.0 0.0 0.0}
replayTaskStats NOR2 Cin__VDD__lh__ACQ_1 {0.04 0.01 5.91 1.14 1 7.48060798645 engnx05a.utdallas.edu 1746740603.05 1746740610.53 1 0.0305998325348 7.44627904892 0.00262308120728 0.0103571414948 0.000519990921021 7.42239308357 0.0 0.0 0.0 0.0 0.0 0.0 0.0 0.0}
replayTaskStats NOR2 Cin__VDD__hl__ACQ_1 {0.04 0.0 5.92 1.19 1 7.6152381897 engnx05a.utdallas.edu 1746740610.53 1746740618.15 1 0.0287339687347 7.58390378952 0.00202703475952 0.0104451179504 0.000515937805176 7.56074810028 0.0 0.0 0.0 0.0 0.0 0.0 0.0 0.0}
replayTaskStats NOR2 modeling {0.15 0.02 0.0 0.0 1 0.217700004578 engnx05a.utdallas.edu 1746740676.39 1746740676.6 1}
replayTaskStats NOR2 modeling {0.13 0.0 0.0 0.0 1 0.172476053238 engnx05a.utdallas.edu 1746740678.76 1746740678.93 1}
replayTaskStats NOR2 configure {0.1 0.01 0.0 0.0 1 0.213227033615 engnx05a.utdallas.edu 1746759121.39 1746759121.6 1}
replayTaskStats NOR2 delay__B__lh__OUT__hl__ACQ_1 {0.09 0.01 6.04 1.19 1 7.76729989052 engnx05a.utdallas.edu 1746759130.39 1746759138.16 1 0.0750570297241 7.68975710869 0.00238108634949 0.0125339031219 0.000590801239014 7.65294504166 0.0 0.0 0.0 0.0 0.0 0.0 0.0 0.0}
replayTaskStats NOR2 delay__B__hl__OUT__lh__ACQ_1 {0.06 0.0 6.12 1.2 1 7.73999810219 engnx05a.utdallas.edu 1746759138.16 1746759145.9 1 0.0417070388794 7.6956820488 0.0021870136261 0.0113530158997 0.000600814819336 7.66113615036 0.0 0.0 0.0 0.0 0.0 0.0 0.0 0.0}
replayTaskStats NOR2 delay__A__lh__OUT__hl__ACQ_1 {0.06 0.0 5.99 1.17 1 7.56274294853 engnx05a.utdallas.edu 1746759145.9 1746759153.47 1 0.0400650501251 7.51992702484 0.00236296653748 0.0113160610199 0.000591993331909 7.48673892021 0.0 0.0 0.0 0.0 0.0 0.0 0.0 0.0}
replayTaskStats NOR2 leakage_power__ACQ_1 {0.03 0.0 5.85 1.14 1 7.38629698753 engnx05a.utdallas.edu 1746759161.4 1746759168.79 1 0.0274419784546 7.3562309742 0.00227499008179 0.0108640193939 0.00133609771729 7.33217191696 0.0 0.0 0.0 0.0 0.0 0.0 0.0 0.0}
replayTaskStats NOR2 Cin__VSS__lh__ACQ_1 {0.04 0.01 5.81 1.17 1 7.38252902031 engnx05a.utdallas.edu 1746759168.79 1746759176.17 1 0.0318920612335 7.34800100327 0.00218605995178 0.0101511478424 0.000515222549438 7.32532596588 0.0 0.0 0.0 0.0 0.0 0.0 0.0 0.0}
replayTaskStats NOR2 Cin__VSS__hl__ACQ_1 {0.04 0.0 6.11 1.13 1 7.64095401764 engnx05a.utdallas.edu 1746759176.17 1746759183.82 1 0.0298411846161 7.60855698586 0.0022919178009 0.0108211040497 0.000624179840088 7.58410406113 0.0 0.0 0.0 0.0 0.0 0.0 0.0 0.0}
replayTaskStats NOR2 delay__A__hl__OUT__lh__ACQ_1 {0.06 0.01 6.3 1.23 1 7.93831300735 engnx05a.utdallas.edu 1746759153.47 1746759161.4 1 0.0406279563904 7.8951690197 0.00222611427307 0.0113790035248 0.000594139099121 7.86170482635 0.0 0.0 0.0 0.0 0.0 0.0 0.0 0.0}
replayTaskStats NOR2 Cin__VDD__lh__ACQ_1 {0.04 0.0 5.91 1.18 1 7.52823805809 engnx05a.utdallas.edu 1746759183.82 1746759191.34 1 0.0305259227753 7.49515604973 0.0027379989624 0.0120139122009 0.000509023666382 7.46968698502 0.0 0.0 0.0 0.0 0.0 0.0 0.0 0.0}
replayTaskStats NOR2 Cin__VDD__hl__ACQ_1 {0.04 0.01 6.07 1.16 1 7.71553182602 engnx05a.utdallas.edu 1746759191.34 1746759199.06 1 0.0296590328217 7.68331694603 0.00212502479553 0.0109460353851 0.000511884689331 7.6600959301 0.0 0.0 0.0 0.0 0.0 0.0 0.0 0.0}
replayTaskStats NOR2 modeling {0.13 0.0 0.0 0.0 1 0.183304071426 engnx05a.utdallas.edu 1746759291.32 1746759291.51 1}
replayTaskStats NOR2 modeling {0.13 0.01 0.0 0.0 1 0.17719912529 engnx05a.utdallas.edu 1746759320.64 1746759320.82 1}
replayTaskStats NOR2 configure {0.1 0.01 0.0 0.0 1 0.20964217186 engnx05a.utdallas.edu 1746984918.69 1746984918.9 1}
replayTaskStats NOR2 configure {0.09 0.01 0.0 0.0 1 0.169490098953 engnx05a.utdallas.edu 1746984927.67 1746984927.84 1}
replayTaskStats NOR2 delay__B__lh__OUT__hl__ACQ_1 {0.09 0.0 6.04 1.13 1 7.62889719009 engnx05a.utdallas.edu 1746984930.34 1746984937.97 1 0.0803639888763 7.54622912407 0.0022120475769 0.0172040462494 0.000518083572388 7.50614500046 0.0 0.0 0.0 0.0 0.0 0.0 0.0 0.0}
replayTaskStats NOR2 delay__B__hl__OUT__lh__ACQ_1 {0.06 0.01 5.85 1.2 1 7.46948885918 engnx05a.utdallas.edu 1746984937.97 1746984945.44 1 0.0396869182587 7.42721486092 0.00223684310913 0.0146501064301 0.000606060028076 7.3901219368 0.0 0.0 0.0 0.0 0.0 0.0 0.0 0.0}
replayTaskStats NOR2 delay__A__lh__OUT__hl__ACQ_1 {0.06 0.0 6.11 1.18 1 7.71789383888 engnx05a.utdallas.edu 1746984945.44 1746984953.16 1 0.0390169620514 7.67628598213 0.0022349357605 0.016419172287 0.000501155853271 7.6378428936 0.0 0.0 0.0 0.0 0.0 0.0 0.0 0.0}
replayTaskStats NOR2 delay__A__hl__OUT__lh__ACQ_1 {0.06 0.01 5.98 1.18 1 7.59142899513 engnx05a.utdallas.edu 1746984953.16 1746984960.75 1 0.0391218662262 7.54978990555 0.00221300125122 0.0158071517944 0.000586986541748 7.51241111755 0.0 0.0 0.0 0.0 0.0 0.0 0.0 0.0}
replayTaskStats NOR2 leakage_power__ACQ_1 {0.35 0.05 58.1 11.7 1 73.8333420753 engnx05a.utdallas.edu 1746984960.75 1746985034.58 1 0.0279560089111 7.39173698425 0.00208401679993 0.0124862194061 0.00154399871826 73.294044733 0.0 0.0 0.0 0.0 0.0 0.0 0.0 0.0}
replayTaskStats NOR2 leakage_power__ACQ_1 {0.35 0.05 58.1 11.7 1 73.8337829113 engnx05a.utdallas.edu 1746984960.75 1746985034.59 1 0.0279560089111 7.39173698425 0.00208401679993 0.0124862194061 0.00154399871826 73.294044733 0.0 0.0 0.0 0.0 0.0 0.0 0.0 0.0}
replayTaskStats NOR2 leakage_power__ACQ_1 {0.35 0.05 58.1 11.7 1 73.8342499733 engnx05a.utdallas.edu 1746984960.75 1746985034.59 1 0.0279560089111 7.39173698425 0.00208401679993 0.0124862194061 0.00154399871826 73.294044733 0.0 0.0 0.0 0.0 0.0 0.0 0.0 0.0}
replayTaskStats NOR2 leakage_power__ACQ_1 {0.35 0.05 58.1 11.7 1 73.8346788883 engnx05a.utdallas.edu 1746984960.75 1746985034.59 1 0.0279560089111 7.39173698425 0.00208401679993 0.0124862194061 0.00154399871826 73.294044733 0.0 0.0 0.0 0.0 0.0 0.0 0.0 0.0}
replayTaskStats NOR2 leakage_power__ACQ_1 {0.35 0.05 58.1 11.7 1 73.8351418972 engnx05a.utdallas.edu 1746984960.75 1746985034.59 1 0.0279560089111 7.39173698425 0.00208401679993 0.0124862194061 0.00154399871826 73.294044733 0.0 0.0 0.0 0.0 0.0 0.0 0.0 0.0}
replayTaskStats NOR2 leakage_power__ACQ_1 {0.36 0.05 58.1 11.7 1 73.8356759548 engnx05a.utdallas.edu 1746984960.75 1746985034.59 1 0.0279560089111 7.39173698425 0.00208401679993 0.0124862194061 0.00154399871826 73.294044733 0.0 0.0 0.0 0.0 0.0 0.0 0.0 0.0}
replayTaskStats NOR2 leakage_power__ACQ_1 {0.36 0.05 58.1 11.7 1 73.8362100124 engnx05a.utdallas.edu 1746984960.75 1746985034.59 1 0.0279560089111 7.39173698425 0.00208401679993 0.0124862194061 0.00154399871826 73.294044733 0.0 0.0 0.0 0.0 0.0 0.0 0.0 0.0}
replayTaskStats NOR2 leakage_power__ACQ_1 {0.36 0.05 58.1 11.7 1 73.8367369175 engnx05a.utdallas.edu 1746984960.75 1746985034.59 1 0.0279560089111 7.39173698425 0.00208401679993 0.0124862194061 0.00154399871826 73.294044733 0.0 0.0 0.0 0.0 0.0 0.0 0.0 0.0}
replayTaskStats NOR2 leakage_power__ACQ_1 {0.36 0.05 58.1 11.7 1 73.8372609615 engnx05a.utdallas.edu 1746984960.75 1746985034.59 1 0.0279560089111 7.39173698425 0.00208401679993 0.0124862194061 0.00154399871826 73.294044733 0.0 0.0 0.0 0.0 0.0 0.0 0.0 0.0}
replayTaskStats NOR2 leakage_power__ACQ_1 {0.36 0.05 58.1 11.7 1 73.8377878666 engnx05a.utdallas.edu 1746984960.75 1746985034.59 1 0.0279560089111 7.39173698425 0.00208401679993 0.0124862194061 0.00154399871826 73.294044733 0.0 0.0 0.0 0.0 0.0 0.0 0.0 0.0}
replayTaskStats NOR2 Cin__VSS__lh__ACQ_1 {0.04 0.0 5.92 1.19 1 7.5563390255 engnx05a.utdallas.edu 1746985034.59 1746985042.15 1 0.0338101387024 7.51927304268 0.00253391265869 0.0171010494232 0.000618934631348 7.48743510246 0.0 0.0 0.0 0.0 0.0 0.0 0.0 0.0}
replayTaskStats NOR2 Cin__VSS__hl__ACQ_1 {0.04 0.01 5.97 1.18 1 7.55303382874 engnx05a.utdallas.edu 1746985042.15 1746985049.7 1 0.032594203949 7.51751899719 0.00297999382019 0.0140988826752 0.00160002708435 7.48709487915 0.0 0.0 0.0 0.0 0.0 0.0 0.0 0.0}
replayTaskStats NOR2 Cin__VDD__lh__ACQ_1 {0.08 0.02 5.94 1.16 1 7.56493091583 engnx05a.utdallas.edu 1746985049.7 1746985057.27 1 0.0857229232788 7.47665691376 0.00214910507202 0.0123000144958 0.000504016876221 7.45156383514 0.0 0.0 0.0 0.0 0.0 0.0 0.0 0.0}
replayTaskStats NOR2 Cin__VDD__hl__ACQ_1 {0.04 0.01 5.77 1.17 1 7.35020804405 engnx05a.utdallas.edu 1746985057.27 1746985064.62 1 0.0290157794952 7.31870698929 0.00210189819336 0.0129730701447 0.000518083572388 7.29257702827 0.0 0.0 0.0 0.0 0.0 0.0 0.0 0.0}
replayTaskStats NOR2 modeling {0.12 0.01 0.0 0.0 1 0.178795099258 engnx05a.utdallas.edu 1746985264.97 1746985265.15 1}
replayTaskStats NOR2 modeling {0.13 0.01 0.0 0.0 1 0.17303609848 engnx05a.utdallas.edu 1746985267.73 1746985267.9 1}
replayTaskStats NOR2 configure {0.1 0.0 0.0 0.0 1 0.195564985275 engnx04a.utdallas.edu 1747006227.52 1747006227.71 1}
replayTaskStats NOR2 delay__B__lh__OUT__hl__ACQ_1 {0.11 0.01 6.16 1.21 1 7.90341305733 engnx04a.utdallas.edu 1747006232.21 1747006240.11 1 0.0859019756317 7.81446886063 0.00238108634949 0.024435043335 0.00068998336792 7.76497197151 0.0 0.0 0.0 0.0 0.0 0.0 0.0 0.0}
replayTaskStats NOR2 delay__B__hl__OUT__lh__ACQ_1 {0.06 0.0 5.94 1.2 1 7.71455001831 engnx04a.utdallas.edu 1747006240.11 1747006247.83 1 0.0454630851746 7.66635799408 0.00236296653748 0.0143599510193 0.000607967376709 7.62755513191 0.0 0.0 0.0 0.0 0.0 0.0 0.0 0.0}
replayTaskStats NOR2 delay__A__lh__OUT__hl__ACQ_1 {0.06 0.0 6.0 1.18 1 7.70313191414 engnx04a.utdallas.edu 1747006247.83 1747006255.53 1 0.0387279987335 7.66190505028 0.00222897529602 0.013934135437 0.000547170639038 7.6262140274 0.0 0.0 0.0 0.0 0.0 0.0 0.0 0.0}
replayTaskStats NOR2 leakage_power__ACQ_1 {0.04 0.0 6.13 1.21 1 8.03663992882 engnx04a.utdallas.edu 1747006263.18 1747006271.22 1 0.0354549884796 7.9979698658 0.00294899940491 0.0104839801788 0.00198888778687 7.97044205666 0.0 0.0 0.0 0.0 0.0 0.0 0.0 0.0}
replayTaskStats NOR2 Cin__VSS__lh__ACQ_1 {0.05 0.01 5.98 1.24 1 7.83610606194 engnx04a.utdallas.edu 1747006271.22 1747006279.06 1 0.0339851379395 7.79928708076 0.00254201889038 0.0114889144897 0.000740051269531 7.77201700211 0.0 0.0 0.0 0.0 0.0 0.0 0.0 0.0}
replayTaskStats NOR2 Cin__VSS__hl__ACQ_1 {0.04 0.0 5.92 1.21 1 7.70517301559 engnx04a.utdallas.edu 1747006279.06 1747006286.76 1 0.0385408401489 7.66355895996 0.00250720977783 0.0110859870911 0.000552177429199 7.63733482361 0.0 0.0 0.0 0.0 0.0 0.0 0.0 0.0}
replayTaskStats NOR2 delay__A__hl__OUT__lh__ACQ_1 {0.06 0.01 5.99 1.18 1 7.65281605721 engnx04a.utdallas.edu 1747006255.53 1747006263.18 1 0.0431530475616 7.60608196259 0.00219488143921 0.0143899917603 0.000610113143921 7.56865310669 0.0 0.0 0.0 0.0 0.0 0.0 0.0 0.0}
replayTaskStats NOR2 Cin__VDD__lh__ACQ_1 {0.05 0.0 5.95 1.2 1 7.70828986168 engnx04a.utdallas.edu 1747006286.77 1747006294.47 1 0.0318222045898 7.67387294769 0.0030038356781 0.0147948265076 0.000570058822632 7.64464402199 0.0 0.0 0.0 0.0 0.0 0.0 0.0 0.0}
replayTaskStats NOR2 Cin__VDD__hl__ACQ_1 {0.04 0.01 5.87 1.22 1 7.56654810905 engnx04a.utdallas.edu 1747006294.47 1747006302.04 1 0.0306491851807 7.53330898285 0.00237393379211 0.0107991695404 0.000566959381104 7.50804710388 0.0 0.0 0.0 0.0 0.0 0.0 0.0 0.0}
replayTaskStats NOR2 modeling {0.14 0.0 0.0 0.0 1 0.186984062195 engnx04a.utdallas.edu 1747006375.18 1747006375.36 1}
replayTaskStats NOR2 modeling {0.13 0.0 0.0 0.0 1 0.166563987732 engnx04a.utdallas.edu 1747006378.44 1747006378.61 1}
