replayTaskStats NAND3 configure {0.14 0.01 0.0 0.0 1 0.200803041458 engnx05a.utdallas.edu 1746729154.88 1746729155.08 1}
replayTaskStats NAND3 delay__INC__lh__OUT__hl__ACQ_1 {0.12 0.01 6.12 1.28 1 7.95666718483 engnx05a.utdallas.edu 1746729161.99 1746729169.94 1 0.0944731235504 7.8593120575 0.00359177589417 0.0133249759674 0.000690937042236 7.63662695885 0.0 0.0 0.0 0.0 0.0 0.0 0.0 0.0}
replayTaskStats NAND3 delay__INC__hl__OUT__lh__ACQ_1 {0.06 0.0 6.06 1.19 1 7.67787504196 engnx05a.utdallas.edu 1746729169.94 1746729177.62 1 0.0434000492096 7.63192605972 0.00219798088074 0.0126049518585 0.00054407119751 7.59698390961 0.0 0.0 0.0 0.0 0.0 0.0 0.0 0.0}
replayTaskStats NAND3 delay__INA__lh__OUT__hl__ACQ_1 {0.06 0.0 6.1 1.23 1 7.78251099586 engnx05a.utdallas.edu 1746729177.62 1746729185.41 1 0.0420989990234 7.73798108101 0.00213408470154 0.0121321678162 0.000535011291504 7.70440506935 0.0 0.0 0.0 0.0 0.0 0.0 0.0 0.0}
replayTaskStats NAND3 leakage_power__ACQ_1 {0.05 0.0 5.93 1.23 1 7.56577301025 engnx05a.utdallas.edu 1746729208.06 1746729215.63 1 0.0324640274048 7.52820396423 0.00226783752441 0.00839805603027 0.00202202796936 7.50548386574 0.0 0.0 0.0 0.0 0.0 0.0 0.0 0.0}
replayTaskStats NAND3 delay__INA__hl__OUT__lh__ACQ_1 {0.08 0.01 5.91 1.18 1 7.52584385872 engnx05a.utdallas.edu 1746729185.41 1746729192.94 1 0.0572369098663 7.46608400345 0.00287485122681 0.0158979892731 0.000776052474976 7.42576622963 0.0 0.0 0.0 0.0 0.0 0.0 0.0 0.0}
replayTaskStats NAND3 delay__INB__lh__OUT__hl__ACQ_1 {0.06 0.0 5.98 1.1 1 7.50506496429 engnx05a.utdallas.edu 1746729192.94 1746729200.44 1 0.0445439815521 7.45800900459 0.0026330947876 0.0121619701385 0.000515937805176 7.42408013344 0.0 0.0 0.0 0.0 0.0 0.0 0.0 0.0}
replayTaskStats NAND3 delay__INB__hl__OUT__lh__ACQ_1 {0.06 0.01 6.03 1.16 1 7.61401200294 engnx05a.utdallas.edu 1746729200.44 1746729208.06 1 0.0417699813843 7.5697491169 0.00262498855591 0.0121941566467 0.000566005706787 7.53576803207 0.0 0.0 0.0 0.0 0.0 0.0 0.0 0.0}
replayTaskStats NAND3 Cin__VSS__lh__ACQ_1 {0.04 0.01 5.82 1.19 1 7.45487189293 engnx05a.utdallas.edu 1746729215.63 1746729223.08 1 0.0351619720459 7.41663503647 0.00233316421509 0.00958490371704 0.000554084777832 7.39382815361 0.0 0.0 0.0 0.0 0.0 0.0 0.0 0.0}
replayTaskStats NAND3 Cin__VSS__hl__ACQ_1 {0.04 0.01 5.92 1.2 1 7.58238792419 engnx05a.utdallas.edu 1746729223.08 1746729230.67 1 0.0319299697876 7.54769515991 0.00224494934082 0.00893688201904 0.00054407119751 7.52540493011 0.0 0.0 0.0 0.0 0.0 0.0 0.0 0.0}
replayTaskStats NAND3 Cin__VDD__lh__ACQ_1 {0.04 0.0 5.96 1.22 1 7.66342711449 engnx05a.utdallas.edu 1746729230.67 1746729238.33 1 0.0319728851318 7.62890195847 0.00213408470154 0.00803184509277 0.00060510635376 7.60768604279 0.0 0.0 0.0 0.0 0.0 0.0 0.0 0.0}
replayTaskStats NAND3 Cin__VDD__hl__ACQ_1 {0.04 0.01 6.01 1.17 1 7.66517806053 engnx05a.utdallas.edu 1746729238.33 1746729246.0 1 0.0339679718018 7.62858080864 0.00231504440308 0.00855612754822 0.000540971755981 7.60628914833 0.0 0.0 0.0 0.0 0.0 0.0 0.0 0.0}
replayTaskStats NAND3 modeling {0.17 0.01 0.0 0.0 1 0.243798971176 engnx05a.utdallas.edu 1746729307.56 1746729307.8 1}
replayTaskStats NAND3 modeling {0.23 0.01 0.0 0.0 1 0.2927069664 engnx05a.utdallas.edu 1746729311.32 1746729311.62 1}
