replayTaskStats DFF2 configure {0.27 0.03 0.02 0.05 1 0.542587041855 engnx05a.utdallas.edu 1746734993.96 1746734994.51 1}
replayTaskStats DFF2 configure {0.31 0.02 0.02 0.05 1 0.667122125626 engnx05a.utdallas.edu 1746735336.72 1746735337.39 1}
replayTaskStats DFF2 initialization__ACQ_6 {0.09 0.01 6.31 1.43 1 8.23034405708 engnx05a.utdallas.edu 1746735349.22 1746735357.45 1 0.0788269042969 8.14857888222 0.00616693496704 0.0102300643921 0.00164914131165 7.95821785927 0.0 0.0 0.0 0.0 0.0 0.0 0.0 0.0}
replayTaskStats DFF2 initialization__ACQ_5 {0.04 0.0 6.28 1.27 1 7.99458694458 engnx05a.utdallas.edu 1746735357.45 1746735365.45 1 0.0303108692169 7.96167492867 0.00617909431458 0.0105581283569 0.00131583213806 7.93353581429 0.0 0.0 0.0 0.0 0.0 0.0 0.0 0.0}
replayTaskStats DFF2 initialization__ACQ_3 {0.04 0.0 6.06 1.24 1 7.70340800285 engnx05a.utdallas.edu 1746735365.45 1746735373.15 1 0.0290400981903 7.67192411423 0.00601196289062 0.0106301307678 0.00131106376648 7.64399909973 0.0 0.0 0.0 0.0 0.0 0.0 0.0 0.0}
replayTaskStats DFF2 initialization__ACQ_4 {0.05 0.01 6.01 1.21 1 7.63981294632 engnx05a.utdallas.edu 1746735373.15 1746735380.79 1 0.0433762073517 7.593791008 0.00537204742432 0.0104448795319 0.00128602981567 7.56617498398 0.0 0.0 0.0 0.0 0.0 0.0 0.0 0.0}
replayTaskStats DFF2 removal_hbm__R__hl__CLK__lh__ACQ_1 {0.07 0.0 18.4 1.52 1 20.4042031765 engnx05a.utdallas.edu 1746735380.79 1746735401.2 1 0.0452699661255 20.3564839363 0.00237417221069 0.0118851661682 0.00171685218811 20.3212349415 0.0 0.0 0.0 0.0 0.0 0.0 0.0 0.0}
replayTaskStats DFF2 recover_hbm__R__hl__CLK__lh__ACQ_1 {0.07 0.01 16.39 1.44 1 18.3239328861 engnx05a.utdallas.edu 1746735401.2 1746735419.52 1 0.042181968689 18.278840065 0.00295495986938 0.0140490531921 0.00347280502319 18.2316401005 0.0 0.0 0.0 0.0 0.0 0.0 0.0 0.0}
replayTaskStats DFF2 initialization__ACQ_1 {0.04 0.01 6.06 1.3 1 7.87532711029 engnx05a.utdallas.edu 1746735419.52 1746735427.4 1 0.0349979400635 7.83750700951 0.00531911849976 0.0111520290375 0.00137615203857 7.8069190979 0.0 0.0 0.0 0.0 0.0 0.0 0.0 0.0}
replayTaskStats DFF2 initialization__ACQ_2 {0.04 0.01 6.33 1.22 1 8.07408189774 engnx05a.utdallas.edu 1746735427.4 1746735435.47 1 0.0296611785889 8.04178500175 0.00530099868774 0.0127770900726 0.0015869140625 8.01135516167 0.0 0.0 0.0 0.0 0.0 0.0 0.0 0.0}
replayTaskStats DFF2 setup_hbm__D__lh__CLK__lh__ACQ_1 {0.07 0.0 21.54 1.47 1 23.8508040905 engnx05a.utdallas.edu 1746735435.47 1746735459.32 1 0.0481491088867 23.8000230789 0.00298309326172 0.0132360458374 0.0017991065979 23.7521111965 0.0 0.0 0.0 0.0 0.0 0.0 0.0 0.0}
replayTaskStats DFF2 setup_hbm__D__hl__CLK__lh__ACQ_1 {0.07 0.01 18.23 1.45 1 20.2409498692 engnx05a.utdallas.edu 1746735459.32 1746735479.57 1 0.0508110523224 20.1874709129 0.00268197059631 0.0148069858551 0.00168299674988 20.1409239769 0.0 0.0 0.0 0.0 0.0 0.0 0.0 0.0}
replayTaskStats DFF2 ncmpw_hbm__CLK__hl__CLK__lh__ACQ_1 {0.05 0.01 6.65 1.22 1 8.41003417969 engnx05a.utdallas.edu 1746735479.57 1746735487.98 1 0.0380799770355 8.36915016174 0.00253891944885 0.00836300849915 0.0015070438385 8.3399939537 0.0 0.0 0.0 0.0 0.0 0.0 0.0 0.0}
replayTaskStats DFF2 cmpw_hbm__CLK__lh__CLK__hl__ACQ_1 {0.06 0.0 6.88 1.24 1 8.57067918777 engnx05a.utdallas.edu 1746735487.98 1746735496.55 1 0.0440227985382 8.52392196655 0.00205397605896 0.00896692276001 0.00116801261902 8.49546408653 0.0 0.0 0.0 0.0 0.0 0.0 0.0 0.0}
replayTaskStats DFF2 cmpw_hbm__R__lh__R__hl__ACQ_1 {0.05 0.01 6.24 1.18 1 7.83128714561 engnx05a.utdallas.edu 1746735515.15 1746735522.98 1 0.0373718738556 7.79122900963 0.00262999534607 0.00839710235596 0.00114297866821 7.76441693306 0.0 0.0 0.0 0.0 0.0 0.0 0.0 0.0}
replayTaskStats DFF2 hold_hbm__D__hl__CLK__lh__ACQ_1 {0.06 0.0 16.67 1.41 1 18.6008520126 engnx05a.utdallas.edu 1746735496.55 1746735515.15 1 0.0422348976135 18.5560259819 0.00218296051025 0.0105018615723 0.00183510780334 18.5205512047 0.0 0.0 0.0 0.0 0.0 0.0 0.0 0.0}
replayTaskStats DFF2 delay__CLK__lh__Q__lh__ACQ_1 {0.07 0.01 7.63 1.27 1 9.37672591209 engnx05a.utdallas.edu 1746735543.04 1746735552.42 1 0.0527930259705 9.32102298737 0.00218296051025 0.011461019516 0.000553131103516 9.28622198105 0.0 0.0 0.0 0.0 0.0 0.0 0.0 0.0}
replayTaskStats DFF2 hold_hbm__D__lh__CLK__lh__ACQ_1 {0.07 0.0 18.21 1.32 1 20.0567600727 engnx05a.utdallas.edu 1746735522.98 1746735543.04 1 0.0431301593781 20.0105988979 0.00401616096497 0.0117728710175 0.00200510025024 19.9692118168 0.0 0.0 0.0 0.0 0.0 0.0 0.0 0.0}
replayTaskStats DFF2 leakage_power__ACQ_1 {0.05 0.01 6.06 1.25 1 7.69601392746 engnx05a.utdallas.edu 1746735570.65 1746735578.34 1 0.0303809642792 7.66312599182 0.0022599697113 0.00857400894165 0.00205183029175 7.63742399216 0.0 0.0 0.0 0.0 0.0 0.0 0.0 0.0}
replayTaskStats DFF2 Cin__D__hl__ACQ_1 {0.04 0.0 6.1 1.25 1 7.76506114006 engnx05a.utdallas.edu 1746735578.34 1746735586.11 1 0.0388150215149 7.72357487679 0.00275301933289 0.00808787345886 0.000591039657593 7.70128798485 0.0 0.0 0.0 0.0 0.0 0.0 0.0 0.0}
replayTaskStats DFF2 delay__CLK__lh__Q__hl__ACQ_1 {0.07 0.0 7.52 1.31 1 9.25011014938 engnx05a.utdallas.edu 1746735552.42 1746735561.67 1 0.0423109531403 9.20531702042 0.0022120475769 0.0122768878937 0.000562906265259 9.17051196098 0.0 0.0 0.0 0.0 0.0 0.0 0.0 0.0}
replayTaskStats DFF2 delay__R__lh__Q__hl__ACQ_1 {0.06 0.0 7.29 1.25 1 8.97803521156 engnx05a.utdallas.edu 1746735561.67 1746735570.65 1 0.0430898666382 8.93238782883 0.00211191177368 0.0120899677277 0.000569105148315 8.89858388901 0.0 0.0 0.0 0.0 0.0 0.0 0.0 0.0}
replayTaskStats DFF2 Cin__D__lh__ACQ_1 {0.05 0.0 6.03 1.14 1 7.60141611099 engnx05a.utdallas.edu 1746735586.11 1746735593.71 1 0.0337400436401 7.56515312195 0.00232315063477 0.00857996940613 0.000574111938477 7.54331707954 0.0 0.0 0.0 0.0 0.0 0.0 0.0 0.0}
replayTaskStats DFF2 Cin__VSS__hl__ACQ_1 {0.04 0.01 6.09 1.21 1 7.71256184578 engnx05a.utdallas.edu 1746735593.71 1746735601.42 1 0.0319900512695 7.67789292336 0.0021800994873 0.00917220115662 0.000558853149414 7.65565180779 0.0 0.0 0.0 0.0 0.0 0.0 0.0 0.0}
replayTaskStats DFF2 Cin__VSS__lh__ACQ_1 {0.04 0.0 6.12 1.18 1 7.71390581131 engnx05a.utdallas.edu 1746735601.42 1746735609.14 1 0.0338039398193 7.6774520874 0.00282382965088 0.0092601776123 0.000564098358154 7.65402913094 0.0 0.0 0.0 0.0 0.0 0.0 0.0 0.0}
replayTaskStats DFF2 Cin__CLK__hl__ACQ_1 {0.05 0.02 6.02 1.15 1 7.8201379776 engnx05a.utdallas.edu 1746735609.14 1746735616.96 1 0.0463690757751 7.77096104622 0.00249195098877 0.00961303710938 0.000653982162476 7.74114608765 0.0 0.0 0.0 0.0 0.0 0.0 0.0 0.0}
replayTaskStats DFF2 Cin__VDD__hl__ACQ_1 {0.08 0.04 6.04 1.18 1 7.70715904236 engnx05a.utdallas.edu 1746735616.96 1746735624.67 1 0.104038000107 7.60032510757 0.00234985351562 0.00806498527527 0.000511169433594 7.5788640976 0.0 0.0 0.0 0.0 0.0 0.0 0.0 0.0}
replayTaskStats DFF2 Cin__VDD__lh__ACQ_1 {0.04 0.0 6.15 1.19 1 7.80370187759 engnx05a.utdallas.edu 1746735624.67 1746735632.47 1 0.0316791534424 7.7693939209 0.00226998329163 0.00942087173462 0.000582933425903 7.74664592743 0.0 0.0 0.0 0.0 0.0 0.0 0.0 0.0}
replayTaskStats DFF2 Cin__R__hl__ACQ_1 {0.05 0.01 5.86 1.18 1 7.44217681885 engnx05a.utdallas.edu 1746735632.47 1746735639.91 1 0.0323100090027 7.40728902817 0.00221514701843 0.0112979412079 0.000591039657593 7.38234400749 0.0 0.0 0.0 0.0 0.0 0.0 0.0 0.0}
replayTaskStats DFF2 modeling {0.24 0.01 0.0 0.0 1 0.372082948685 engnx05a.utdallas.edu 1746735686.3 1746735686.67 1}
replayTaskStats DFF2 modeling {0.27 0.01 0.0 0.0 1 0.394867181778 engnx05a.utdallas.edu 1746735688.32 1746735688.72 1}
replayTaskStats DFF configure {0.28 0.03 0.02 0.05 1 0.539235115051 engnx05a.utdallas.edu 1746757059.64 1746757060.18 1}
replayTaskStats DFF configure {0.28 0.02 0.03 0.05 1 0.572432994843 engnx05a.utdallas.edu 1746757068.0 1746757068.57 1}
replayTaskStats DFF configure {0.28 0.02 0.02 0.06 1 0.561623096466 engnx05a.utdallas.edu 1746757096.45 1746757097.01 1}
replayTaskStats DFF initialization__ACQ_6 {0.08 0.0 6.32 1.23 1 8.11237692833 engnx05a.utdallas.edu 1746757102.42 1746757110.53 1 0.0724289417267 8.03756999969 0.00626993179321 0.00867700576782 0.00149393081665 8.00504612923 0.0 0.0 0.0 0.0 0.0 0.0 0.0 0.0}
replayTaskStats DFF initialization__ACQ_5 {0.03 0.01 6.08 1.29 1 7.79444098473 engnx05a.utdallas.edu 1746757110.53 1746757118.32 1 0.0304350852966 7.76152205467 0.00567388534546 0.00848007202148 0.00125908851624 7.73583388329 0.0 0.0 0.0 0.0 0.0 0.0 0.0 0.0}
replayTaskStats DFF initialization__ACQ_3 {0.05 0.0 6.28 1.26 1 7.96235585213 engnx05a.utdallas.edu 1746757118.32 1746757126.29 1 0.029088973999 7.93074893951 0.00639510154724 0.00865507125854 0.00158905982971 7.90063905716 0.0 0.0 0.0 0.0 0.0 0.0 0.0 0.0}
replayTaskStats DFF initialization__ACQ_4 {0.04 0.01 6.02 1.2 1 7.77968001366 engnx05a.utdallas.edu 1746757126.29 1746757134.07 1 0.0342819690704 7.74284386635 0.00580501556396 0.00865697860718 0.00146794319153 7.71293711662 0.0 0.0 0.0 0.0 0.0 0.0 0.0 0.0}
replayTaskStats DFF removal_hbm__R__hl__CLK__lh__ACQ_1 {0.07 0.0 18.63 1.37 1 20.5489368439 engnx05a.utdallas.edu 1746757134.07 1746757154.62 1 0.0442218780518 20.5019450188 0.00313997268677 0.0117938518524 0.00213003158569 20.4644200802 0.0 0.0 0.0 0.0 0.0 0.0 0.0 0.0}
replayTaskStats DFF recover_hbm__R__hl__CLK__lh__ACQ_1 {0.07 0.0 16.24 1.33 1 18.1409449577 engnx05a.utdallas.edu 1746757154.62 1746757172.76 1 0.0473868846893 18.0908019543 0.00231099128723 0.0121800899506 0.00162601470947 18.0534260273 0.0 0.0 0.0 0.0 0.0 0.0 0.0 0.0}
replayTaskStats DFF initialization__ACQ_1 {0.04 0.01 5.99 1.18 1 7.60556578636 engnx05a.utdallas.edu 1746757172.76 1746757180.36 1 0.0347909927368 7.56721591949 0.00607919692993 0.00825905799866 0.00127100944519 7.53942704201 0.0 0.0 0.0 0.0 0.0 0.0 0.0 0.0}
replayTaskStats DFF initialization__ACQ_2 {0.04 0.0 6.08 1.17 1 7.74567294121 engnx05a.utdallas.edu 1746757180.36 1746757188.11 1 0.0337541103363 7.70943903923 0.00552487373352 0.00821399688721 0.0013108253479 7.68411493301 0.0 0.0 0.0 0.0 0.0 0.0 0.0 0.0}
replayTaskStats DFF setup_hbm__D__lh__CLK__lh__ACQ_1 {0.07 0.01 21.42 1.45 1 23.5570340157 engnx05a.utdallas.edu 1746757188.11 1746757211.67 1 0.0438008308411 23.5099170208 0.00323009490967 0.0201680660248 0.00257396697998 23.4573049545 0.0 0.0 0.0 0.0 0.0 0.0 0.0 0.0}
replayTaskStats DFF setup_hbm__D__hl__CLK__lh__ACQ_1 {0.08 0.0 18.01 1.42 1 20.1612770557 engnx05a.utdallas.edu 1746757211.67 1746757231.83 1 0.0679850578308 20.0862631798 0.00283288955688 0.0137598514557 0.00156807899475 20.0321190357 0.0 0.0 0.0 0.0 0.0 0.0 0.0 0.0}
replayTaskStats DFF ncmpw_hbm__CLK__hl__CLK__lh__ACQ_1 {0.05 0.01 6.69 1.2 1 8.44100904465 engnx05a.utdallas.edu 1746757231.83 1746757240.28 1 0.039922952652 8.39853096008 0.00207591056824 0.00784492492676 0.0010359287262 8.37200093269 0.0 0.0 0.0 0.0 0.0 0.0 0.0 0.0}
replayTaskStats DFF cmpw_hbm__CLK__lh__CLK__hl__ACQ_1 {0.05 0.0 6.99 1.25 1 9.03922986984 engnx05a.utdallas.edu 1746757240.28 1746757249.31 1 0.0352900028229 9.00120306015 0.00267505645752 0.0161159038544 0.00153088569641 8.96401691437 0.0 0.0 0.0 0.0 0.0 0.0 0.0 0.0}
replayTaskStats DFF cmpw_hbm__R__lh__R__hl__ACQ_1 {0.05 0.0 6.66 1.24 1 8.71124005318 engnx05a.utdallas.edu 1746757268.95 1746757277.66 1 0.0361461639404 8.67243695259 0.00293183326721 0.0120718479156 0.00149989128113 8.63981795311 0.0 0.0 0.0 0.0 0.0 0.0 0.0 0.0}
replayTaskStats DFF hold_hbm__D__hl__CLK__lh__ACQ_1 {0.07 0.01 17.38 1.39 1 19.630163908 engnx05a.utdallas.edu 1746757249.32 1746757268.95 1 0.0593121051788 19.5682270527 0.00236296653748 0.0110330581665 0.00191807746887 19.5301470757 0.0 0.0 0.0 0.0 0.0 0.0 0.0 0.0}
replayTaskStats DFF delay__CLK__lh__Q__lh__ACQ_1 {0.09 0.01 7.56 1.22 1 9.29478287697 engnx05a.utdallas.edu 1746757299.04 1746757308.34 1 0.0632131099701 9.22859215736 0.00251412391663 0.0119760036469 0.000607013702393 9.18636202812 0.0 0.0 0.0 0.0 0.0 0.0 0.0 0.0}
replayTaskStats DFF hold_hbm__D__lh__CLK__lh__ACQ_1 {0.09 0.02 18.77 1.45 1 21.3842630386 engnx05a.utdallas.edu 1746757277.66 1746757299.04 1 0.100045204163 21.2804839611 0.00372505187988 0.0113430023193 0.00253987312317 21.2366600037 0.0 0.0 0.0 0.0 0.0 0.0 0.0 0.0}
replayTaskStats DFF leakage_power__ACQ_1 {0.04 0.0 5.97 1.22 1 7.64438390732 engnx05a.utdallas.edu 1746757326.6 1746757334.24 1 0.0302519798279 7.6115500927 0.00308203697205 0.0085551738739 0.00225210189819 7.58358097076 0.0 0.0 0.0 0.0 0.0 0.0 0.0 0.0}
replayTaskStats DFF Cin__D__hl__ACQ_1 {0.05 0.0 6.07 1.14 1 7.60808491707 engnx05a.utdallas.edu 1746757334.24 1746757341.85 1 0.0374870300293 7.56764292717 0.00356578826904 0.00909900665283 0.000609159469604 7.54197597504 0.0 0.0 0.0 0.0 0.0 0.0 0.0 0.0}
replayTaskStats DFF delay__CLK__lh__Q__hl__ACQ_1 {0.07 0.0 7.44 1.25 1 9.19950795174 engnx05a.utdallas.edu 1746757308.34 1746757317.54 1 0.0458579063416 9.15082097054 0.00345396995544 0.0119421482086 0.00062084197998 9.11255717278 0.0 0.0 0.0 0.0 0.0 0.0 0.0 0.0}
replayTaskStats DFF delay__R__lh__Q__hl__ACQ_1 {0.07 0.01 7.32 1.24 1 9.05667591095 engnx05a.utdallas.edu 1746757317.54 1746757326.6 1 0.0450949668884 9.00893998146 0.00224208831787 0.0110211372375 0.000526905059814 8.97536706924 0.0 0.0 0.0 0.0 0.0 0.0 0.0 0.0}
replayTaskStats DFF Cin__D__lh__ACQ_1 {0.1 0.02 6.01 1.2 1 7.71909093857 engnx05a.utdallas.edu 1746757341.85 1746757349.57 1 0.098396062851 7.617800951 0.00216603279114 0.00924897193909 0.00055718421936 7.59399414062 0.0 0.0 0.0 0.0 0.0 0.0 0.0 0.0}
replayTaskStats DFF Cin__VSS__hl__ACQ_1 {0.04 0.0 6.27 1.16 1 7.86689686775 engnx05a.utdallas.edu 1746757349.57 1746757357.44 1 0.0308589935303 7.833329916 0.00253319740295 0.00867986679077 0.00124597549438 7.80968093872 0.0 0.0 0.0 0.0 0.0 0.0 0.0 0.0}
replayTaskStats DFF Cin__VSS__lh__ACQ_1 {0.05 0.01 6.08 1.19 1 7.70069003105 engnx05a.utdallas.edu 1746757357.44 1746757365.14 1 0.0368049144745 7.65988183022 0.00335097312927 0.00916814804077 0.00156998634338 7.63374400139 0.0 0.0 0.0 0.0 0.0 0.0 0.0 0.0}
replayTaskStats DFF Cin__CLK__hl__ACQ_1 {0.05 0.0 6.1 1.18 1 7.78347301483 engnx05a.utdallas.edu 1746757365.14 1746757372.92 1 0.0363972187042 7.74296784401 0.00245809555054 0.0140080451965 0.000636100769043 7.71440601349 0.0 0.0 0.0 0.0 0.0 0.0 0.0 0.0}
replayTaskStats DFF Cin__VDD__hl__ACQ_1 {0.04 0.01 6.14 1.26 1 7.92252612114 engnx05a.utdallas.edu 1746757372.92 1746757380.85 1 0.0364270210266 7.88346290588 0.00224089622498 0.0107669830322 0.000563859939575 7.85961985588 0.0 0.0 0.0 0.0 0.0 0.0 0.0 0.0}
replayTaskStats DFF Cin__VDD__lh__ACQ_1 {0.05 0.0 6.34 1.25 1 8.14669418335 engnx05a.utdallas.edu 1746757380.85 1746757388.99 1 0.0436308383942 8.10031294823 0.00225591659546 0.00870990753174 0.000558137893677 8.07761192322 0.0 0.0 0.0 0.0 0.0 0.0 0.0 0.0}
replayTaskStats DFF Cin__R__hl__ACQ_1 {0.04 0.01 6.15 1.16 1 7.87431097031 engnx05a.utdallas.edu 1746757389.0 1746757396.87 1 0.0323848724365 7.83826899529 0.00284099578857 0.00879788398743 0.00175499916077 7.81327700615 0.0 0.0 0.0 0.0 0.0 0.0 0.0 0.0}
replayTaskStats DFF modeling {0.23 0.01 0.0 0.0 1 0.364799022675 engnx05a.utdallas.edu 1746757492.61 1746757492.97 1}
replayTaskStats DFF configure {0.28 0.05 0.02 0.05 1 0.708701133728 engnx05a.utdallas.edu 1746984166.95 1746984167.66 1}
replayTaskStats DFF initialization__ACQ_6 {0.09 0.01 5.93 1.29 1 7.75701880455 engnx05a.utdallas.edu 1746984170.96 1746984178.71 1 0.0757529735565 7.67774701118 0.00673198699951 0.0161809921265 0.00148510932922 7.48729586601 0.0 0.0 0.0 0.0 0.0 0.0 0.0 0.0}
replayTaskStats DFF initialization__ACQ_5 {0.04 0.0 6.15 1.15 1 7.78898501396 engnx05a.utdallas.edu 1746984178.72 1746984186.51 1 0.0347599983215 7.75061893463 0.00698685646057 0.0120480060577 0.00133109092712 7.7182970047 0.0 0.0 0.0 0.0 0.0 0.0 0.0 0.0}
replayTaskStats DFF initialization__ACQ_3 {0.04 0.0 5.95 1.19 1 7.51991081238 engnx05a.utdallas.edu 1746984186.51 1746984194.03 1 0.0287599563599 7.48865509033 0.00578594207764 0.0125160217285 0.00139188766479 7.45811200142 0.0 0.0 0.0 0.0 0.0 0.0 0.0 0.0}
replayTaskStats DFF initialization__ACQ_4 {0.06 0.01 5.91 1.22 1 7.57566189766 engnx05a.utdallas.edu 1746984194.03 1746984201.6 1 0.052020072937 7.52119112015 0.007572889328 0.0133209228516 0.00173306465149 7.48604917526 0.0 0.0 0.0 0.0 0.0 0.0 0.0 0.0}
replayTaskStats DFF removal_hbm__R__hl__CLK__lh__ACQ_1 {0.06 0.0 18.48 1.39 1 20.3981029987 engnx05a.utdallas.edu 1746984201.6 1746984222.0 1 0.042268037796 20.3534259796 0.00223708152771 0.0141189098358 0.00162887573242 20.3171539307 0.0 0.0 0.0 0.0 0.0 0.0 0.0 0.0}
replayTaskStats DFF recover_hbm__R__hl__CLK__lh__ACQ_1 {0.06 0.01 15.82 1.34 1 17.6579480171 engnx05a.utdallas.edu 1746984222.0 1746984239.66 1 0.0474691390991 17.6079509258 0.00271105766296 0.0150828361511 0.00170183181763 17.5681271553 0.0 0.0 0.0 0.0 0.0 0.0 0.0 0.0}
replayTaskStats DFF initialization__ACQ_1 {0.04 0.01 5.88 1.17 1 7.48018598557 engnx05a.utdallas.edu 1746984239.66 1746984247.14 1 0.0293488502502 7.44821214676 0.00680208206177 0.0123648643494 0.00154089927673 7.41590809822 0.0 0.0 0.0 0.0 0.0 0.0 0.0 0.0}
replayTaskStats DFF initialization__ACQ_2 {0.04 0.0 6.1 1.18 1 7.7232708931 engnx05a.utdallas.edu 1746984247.14 1746984254.87 1 0.0323510169983 7.68824100494 0.00899004936218 0.0213479995728 0.00144791603088 7.64493393898 0.0 0.0 0.0 0.0 0.0 0.0 0.0 0.0}
replayTaskStats DFF setup_hbm__D__lh__CLK__lh__ACQ_1 {0.06 0.01 20.78 1.42 1 22.7873449326 engnx05a.utdallas.edu 1746984254.87 1746984277.66 1 0.0424809455872 22.7422721386 0.00273418426514 0.0142250061035 0.00180006027222 22.7009220123 0.0 0.0 0.0 0.0 0.0 0.0 0.0 0.0}
replayTaskStats DFF setup_hbm__D__hl__CLK__lh__ACQ_1 {0.06 0.01 17.53 1.45 1 19.484555006 engnx05a.utdallas.edu 1746984277.66 1746984297.14 1 0.0461959838867 19.4356741905 0.00232601165771 0.0144498348236 0.00175714492798 19.3940060139 0.0 0.0 0.0 0.0 0.0 0.0 0.0 0.0}
replayTaskStats DFF ncmpw_hbm__CLK__hl__CLK__lh__ACQ_1 {0.04 0.0 6.53 1.22 1 8.20491814613 engnx05a.utdallas.edu 1746984297.14 1746984305.35 1 0.0358500480652 8.16655111313 0.00273704528809 0.0130929946899 0.00126600265503 8.13474106789 0.0 0.0 0.0 0.0 0.0 0.0 0.0 0.0}
replayTaskStats DFF cmpw_hbm__CLK__lh__CLK__hl__ACQ_1 {0.04 0.01 6.52 1.2 1 8.1383638382 engnx05a.utdallas.edu 1746984305.35 1746984313.49 1 0.0376420021057 8.09779381752 0.00211596488953 0.0123488903046 0.00120997428894 8.06758594513 0.0 0.0 0.0 0.0 0.0 0.0 0.0 0.0}
replayTaskStats DFF cmpw_hbm__R__lh__R__hl__ACQ_1 {0.05 0.01 6.32 1.16 1 7.91778707504 engnx05a.utdallas.edu 1746984332.68 1746984340.6 1 0.0369040966034 7.87835812569 0.00271701812744 0.0143461227417 0.00119400024414 7.84529304504 0.0 0.0 0.0 0.0 0.0 0.0 0.0 0.0}
replayTaskStats DFF hold_hbm__D__hl__CLK__lh__ACQ_1 {0.07 0.0 17.25 1.36 1 19.1983089447 engnx05a.utdallas.edu 1746984313.49 1746984332.68 1 0.0428302288055 19.1527040005 0.00272798538208 0.013699054718 0.0018310546875 19.1116480827 0.0 0.0 0.0 0.0 0.0 0.0 0.0 0.0}
replayTaskStats DFF delay__CLK__lh__Q__hl__ACQ_1 {0.06 0.01 7.34 1.31 1 9.19008803368 engnx05a.utdallas.edu 1746984370.09 1746984379.28 1 0.0438191890717 9.14335107803 0.00216698646545 0.0211260318756 0.000581979751587 9.09982013702 0.0 0.0 0.0 0.0 0.0 0.0 0.0 0.0}
replayTaskStats DFF delay__CLK__lh__Q__lh__ACQ_1 {0.07 0.01 7.48 1.26 1 9.23208284378 engnx05a.utdallas.edu 1746984360.85 1746984370.09 1 0.047544002533 9.18196702003 0.00266289710999 0.0156559944153 0.000576972961426 9.14018702507 0.0 0.0 0.0 0.0 0.0 0.0 0.0 0.0}
replayTaskStats DFF hold_hbm__D__lh__CLK__lh__ACQ_1 {0.06 0.0 18.31 1.41 1 20.2501008511 engnx05a.utdallas.edu 1746984340.6 1746984360.85 1 0.044173002243 20.2034039497 0.00230693817139 0.0143430233002 0.00179696083069 20.1641838551 0.0 0.0 0.0 0.0 0.0 0.0 0.0 0.0}
replayTaskStats DFF leakage_power__ACQ_1 {0.04 0.0 6.02 1.16 1 7.63500404358 engnx05a.utdallas.edu 1746984388.11 1746984395.75 1 0.0298271179199 7.60266709328 0.00228810310364 0.0109870433807 0.00195503234863 7.57451915741 0.0 0.0 0.0 0.0 0.0 0.0 0.0 0.0}
replayTaskStats DFF Cin__D__hl__ACQ_1 {0.05 0.01 6.12 1.18 1 7.69330596924 engnx05a.utdallas.edu 1746984395.75 1746984403.44 1 0.0360550880432 7.65479302406 0.00267601013184 0.0124990940094 0.000553846359253 7.62898802757 0.0 0.0 0.0 0.0 0.0 0.0 0.0 0.0}
replayTaskStats DFF delay__R__lh__Q__hl__ACQ_1 {0.07 0.0 7.13 1.19 1 8.83253312111 engnx05a.utdallas.edu 1746984379.28 1746984388.11 1 0.043329000473 8.78658914566 0.00219297409058 0.0168590545654 0.000581026077271 8.74748110771 0.0 0.0 0.0 0.0 0.0 0.0 0.0 0.0}
replayTaskStats DFF Cin__D__lh__ACQ_1 {0.04 0.0 5.87 1.18 1 7.47535800934 engnx05a.utdallas.edu 1746984403.44 1746984410.92 1 0.0338950157166 7.43892383575 0.00223898887634 0.0117990970612 0.00059700012207 7.4136390686 0.0 0.0 0.0 0.0 0.0 0.0 0.0 0.0}
replayTaskStats DFF Cin__VSS__hl__ACQ_1 {0.04 0.01 5.9 1.16 1 7.48853802681 engnx05a.utdallas.edu 1746984410.92 1746984418.4 1 0.0319008827209 7.45401597023 0.00233888626099 0.0124049186707 0.000582933425903 7.42831397057 0.0 0.0 0.0 0.0 0.0 0.0 0.0 0.0}
replayTaskStats DFF Cin__VSS__lh__ACQ_1 {0.05 0.0 6.04 1.19 1 7.71851301193 engnx05a.utdallas.edu 1746984418.4 1746984426.12 1 0.0348119735718 7.6811978817 0.00211811065674 0.013002872467 0.000530958175659 7.65509605408 0.0 0.0 0.0 0.0 0.0 0.0 0.0 0.0}
replayTaskStats DFF Cin__CLK__hl__ACQ_1 {0.04 0.0 6.17 1.22 1 7.86770820618 engnx05a.utdallas.edu 1746984426.12 1746984433.99 1 0.0311658382416 7.83387899399 0.00316286087036 0.0204229354858 0.000737905502319 7.79834389687 0.0 0.0 0.0 0.0 0.0 0.0 0.0 0.0}
replayTaskStats DFF Cin__VDD__hl__ACQ_1 {0.09 0.07 6.18 1.22 1 7.99100995064 engnx05a.utdallas.edu 1746984434.0 1746984441.99 1 0.141581058502 7.84665894508 0.00244498252869 0.0116090774536 0.000625133514404 7.81488919258 0.0 0.0 0.0 0.0 0.0 0.0 0.0 0.0}
replayTaskStats DFF Cin__VDD__lh__ACQ_1 {0.05 0.0 6.26 1.21 1 7.93302679062 engnx05a.utdallas.edu 1746984441.99 1746984449.93 1 0.0337960720062 7.89661002159 0.00224304199219 0.0130300521851 0.000569105148315 7.87030506134 0.0 0.0 0.0 0.0 0.0 0.0 0.0 0.0}
replayTaskStats DFF Cin__R__hl__ACQ_1 {0.04 0.0 6.28 1.24 1 7.95759892464 engnx05a.utdallas.edu 1746984449.93 1746984457.89 1 0.0323710441589 7.92263102531 0.00238084793091 0.0118181705475 0.000598907470703 7.89734601974 0.0 0.0 0.0 0.0 0.0 0.0 0.0 0.0}
replayTaskStats DFF modeling {0.24 0.01 0.0 0.0 1 0.35361790657 engnx05a.utdallas.edu 1746984616.08 1746984616.44 1}
replayTaskStats DFF modeling {0.23 0.01 0.0 0.0 1 0.326877117157 engnx05a.utdallas.edu 1746984621.6 1746984621.93 1}
