replayTaskStats INV configure {0.08 0.0 0.0 0.0 1 0.11819601059 engnx05a.utdallas.edu 1746670742.34 1746670742.46 1}
replayTaskStats INV configure {0.07 0.01 0.0 0.0 1 0.141946077347 engnx05a.utdallas.edu 1746670945.83 1746670945.97 1}
replayTaskStats INV configure {0.07 0.0 0.0 0.0 1 0.132683038712 engnx05a.utdallas.edu 1746671255.45 1746671255.58 1}
replayTaskStats INV configure {0.08 0.01 0.0 0.0 1 0.17437005043 engnx05a.utdallas.edu 1746671688.23 1746671688.4 1}
replayTaskStats INV configure {0.07 0.01 0.0 0.0 1 0.130726099014 engnx05a.utdallas.edu 1746671939.52 1746671939.65 1}
replayTaskStats INV configure {0.09 0.01 0.0 0.0 1 0.154708147049 engnx05a.utdallas.edu 1746672224.77 1746672224.93 1}
replayTaskStats INV leakage_power__ACQ_1 {0.06 0.01 5.83 1.2 1 7.54210805893 engnx05a.utdallas.edu 1746672228.14 1746672235.68 1 0.0607030391693 7.47910809517 0.00222587585449 0.0084068775177 0.00194120407104 7.45447087288 0.0 0.0 0.0 0.0 0.0 0.0 0.0 0.0}
replayTaskStats INV delay__INA__lh__OUT__hl__ACQ_1 {0.05 0.0 6.18 1.19 1 7.85449695587 engnx05a.utdallas.edu 1746672235.68 1746672243.54 1 0.0346629619598 7.81738090515 0.00212788581848 0.0115849971771 0.000556945800781 7.784719944 0.0 0.0 0.0 0.0 0.0 0.0 0.0 0.0}
replayTaskStats INV delay__INA__hl__OUT__lh__ACQ_1 {0.05 0.01 5.97 1.14 1 7.56414318085 engnx05a.utdallas.edu 1746672243.54 1746672251.1 1 0.0346069335938 7.52700686455 0.00215697288513 0.0118260383606 0.000555992126465 7.49443006516 0.0 0.0 0.0 0.0 0.0 0.0 0.0 0.0}
replayTaskStats INV Cin__VSS__lh__ACQ_1 {0.04 0.0 5.95 1.13 1 7.49505090714 engnx05a.utdallas.edu 1746672251.1 1746672258.6 1 0.0295100212097 7.46296906471 0.00223684310913 0.00805592536926 0.000568866729736 7.44213104248 0.0 0.0 0.0 0.0 0.0 0.0 0.0 0.0}
replayTaskStats INV Cin__VSS__hl__ACQ_1 {0.04 0.0 5.91 1.15 1 7.4809179306 engnx05a.utdallas.edu 1746672258.6 1746672266.08 1 0.0272359848022 7.4510679245 0.00301313400269 0.0196990966797 0.000711917877197 7.4163839817 0.0 0.0 0.0 0.0 0.0 0.0 0.0 0.0}
replayTaskStats INV Cin__VDD__lh__ACQ_1 {0.05 0.01 5.85 1.2 1 7.62907910347 engnx05a.utdallas.edu 1746672266.08 1746672273.71 1 0.0386221408844 7.58705496788 0.00307202339172 0.00870299339294 0.000794887542725 7.55929899216 0.0 0.0 0.0 0.0 0.0 0.0 0.0 0.0}
replayTaskStats INV Cin__VDD__hl__ACQ_1 {0.04 0.0 5.88 1.14 1 7.44160103798 engnx05a.utdallas.edu 1746672273.71 1746672281.15 1 0.0270009040833 7.41208004951 0.00246000289917 0.00864219665527 0.000572919845581 7.38987398148 0.0 0.0 0.0 0.0 0.0 0.0 0.0 0.0}
replayTaskStats INV modeling {0.13 0.01 0.0 0.0 1 0.18754196167 engnx05a.utdallas.edu 1746672379.63 1746672379.82 1}
replayTaskStats INV configure {0.09 0.03 0.0 0.0 1 0.207148075104 engnx05a.utdallas.edu 1746756260.75 1746756260.95 1}
replayTaskStats INV leakage_power__ACQ_1 {0.04 0.0 5.87 1.15 1 7.51517701149 engnx05a.utdallas.edu 1746756265.75 1746756273.27 1 0.042387008667 7.47047495842 0.00226712226868 0.0151238441467 0.00197291374207 7.44131183624 0.0 0.0 0.0 0.0 0.0 0.0 0.0 0.0}
replayTaskStats INV Cin__VSS__lh__ACQ_1 {0.03 0.01 5.9 1.14 1 7.46987104416 engnx05a.utdallas.edu 1746756273.27 1746756280.74 1 0.0292360782623 7.43796992302 0.0022931098938 0.012393951416 0.000572919845581 7.41267299652 0.0 0.0 0.0 0.0 0.0 0.0 0.0 0.0}
replayTaskStats INV Cin__VSS__hl__ACQ_1 {0.04 0.0 5.95 1.14 1 7.61103796959 engnx05a.utdallas.edu 1746756280.74 1746756288.35 1 0.0276341438293 7.58067989349 0.0023889541626 0.0119869709015 0.000582933425903 7.55565595627 0.0 0.0 0.0 0.0 0.0 0.0 0.0 0.0}
replayTaskStats INV Cin__VDD__lh__ACQ_1 {0.06 0.04 6.03 1.18 1 7.77143383026 engnx05a.utdallas.edu 1746756288.35 1746756296.12 1 0.0816309452057 7.68644595146 0.00246214866638 0.0167710781097 0.000643014907837 7.6534819603 0.0 0.0 0.0 0.0 0.0 0.0 0.0 0.0}
replayTaskStats INV Cin__VDD__hl__ACQ_1 {0.03 0.0 6.1 1.23 1 7.83141994476 engnx05a.utdallas.edu 1746756296.27 1746756304.1 1 0.0265390872955 7.8024289608 0.00240898132324 0.0226511955261 0.000547170639038 7.76605796814 0.0 0.0 0.0 0.0 0.0 0.0 0.0 0.0}
replayTaskStats INV configure {0.07 0.0 0.0 0.0 1 0.146138906479 engnx05a.utdallas.edu 1746756379.19 1746756379.34 1}
replayTaskStats INV configure {0.07 0.0 0.0 0.0 1 0.135187864304 engnx05a.utdallas.edu 1746756473.61 1746756473.75 1}
replayTaskStats INV configure {0.08 0.02 0.0 0.0 1 0.187700986862 engnx05a.utdallas.edu 1746756515.41 1746756515.6 1}
replayTaskStats INV leakage_power__ACQ_1 {0.04 0.0 6.01 1.2 1 7.65766000748 engnx05a.utdallas.edu 1746756536.18 1746756543.84 1 0.0236549377441 7.63146710396 0.00236105918884 0.0103991031647 0.00200295448303 7.60687303543 0.0 0.0 0.0 0.0 0.0 0.0 0.0 0.0}
replayTaskStats INV delay__IN__lh__OUT__hl__ACQ_1 {0.11 0.01 6.4 1.31 1 8.39918494225 engnx05a.utdallas.edu 1746756519.84 1746756528.24 1 0.0831849575043 8.31292200089 0.00226211547852 0.0122270584106 0.000746965408325 8.07687091827 0.0 0.0 0.0 0.0 0.0 0.0 0.0 0.0}
replayTaskStats INV delay__IN__hl__OUT__lh__ACQ_1 {0.06 0.0 6.17 1.26 1 7.94230890274 engnx05a.utdallas.edu 1746756528.24 1746756536.18 1 0.0364639759064 7.90331792831 0.00210690498352 0.0116729736328 0.000522136688232 7.87091493607 0.0 0.0 0.0 0.0 0.0 0.0 0.0 0.0}
replayTaskStats INV Cin__VSS__lh__ACQ_1 {0.04 0.0 5.94 1.21 1 7.6325981617 engnx05a.utdallas.edu 1746756543.84 1746756551.48 1 0.0324847698212 7.59763503075 0.00271511077881 0.010146856308 0.000598907470703 7.57181096077 0.0 0.0 0.0 0.0 0.0 0.0 0.0 0.0}
replayTaskStats INV Cin__VSS__hl__ACQ_1 {0.04 0.01 5.87 1.17 1 7.48145484924 engnx05a.utdallas.edu 1746756551.48 1746756558.96 1 0.0269429683685 7.45183682442 0.00237703323364 0.00992107391357 0.000555992126465 7.42926597595 0.0 0.0 0.0 0.0 0.0 0.0 0.0 0.0}
replayTaskStats INV Cin__VDD__lh__ACQ_1 {0.05 0.02 5.94 1.18 1 7.53748106956 engnx05a.utdallas.edu 1746756558.96 1746756566.5 1 0.0592520236969 7.47552108765 0.00226092338562 0.010125875473 0.000597953796387 7.45090794563 0.0 0.0 0.0 0.0 0.0 0.0 0.0 0.0}
replayTaskStats INV Cin__VDD__hl__ACQ_1 {0.03 0.01 5.91 1.19 1 7.59563994408 engnx05a.utdallas.edu 1746756566.5 1746756574.09 1 0.0272810459137 7.56575608253 0.00236892700195 0.0131368637085 0.000545978546143 7.5397028923 0.0 0.0 0.0 0.0 0.0 0.0 0.0 0.0}
replayTaskStats INV modeling {0.17 0.02 0.0 0.0 1 0.239244937897 engnx05a.utdallas.edu 1746756620.29 1746756620.53 1}
replayTaskStats INV modeling {0.12 0.01 0.0 0.0 1 0.203320026398 engnx05a.utdallas.edu 1746756685.57 1746756685.77 1}
replayTaskStats INV configure {0.07 0.02 0.0 0.0 1 0.196980953217 engnx05a.utdallas.edu 1746984500.28 1746984500.47 1}
replayTaskStats INV leakage_power__ACQ_1 {0.04 0.01 5.76 1.18 1 7.33188390732 engnx05a.utdallas.edu 1746984520.05 1746984527.38 1 0.0248289108276 7.30454587936 0.00213813781738 0.0147919654846 0.00169491767883 7.27606606483 0.0 0.0 0.0 0.0 0.0 0.0 0.0 0.0}
replayTaskStats INV delay__IN__lh__OUT__hl__ACQ_1 {0.12 0.01 5.95 1.28 1 7.73099899292 engnx05a.utdallas.edu 1746984504.82 1746984512.55 1 0.0832879543304 7.64456605911 0.00229597091675 0.0196661949158 0.000762939453125 7.44321298599 0.0 0.0 0.0 0.0 0.0 0.0 0.0 0.0}
replayTaskStats INV delay__IN__hl__OUT__lh__ACQ_1 {0.05 0.0 5.95 1.14 1 7.4941470623 engnx05a.utdallas.edu 1746984512.56 1746984520.05 1 0.0370829105377 7.45450282097 0.0022919178009 0.0157470703125 0.000607967376709 7.41691994667 0.0 0.0 0.0 0.0 0.0 0.0 0.0 0.0}
replayTaskStats INV Cin__VSS__lh__ACQ_1 {0.04 0.0 6.02 1.14 1 7.5606379509 engnx05a.utdallas.edu 1746984527.38 1746984534.94 1 0.0278618335724 7.52993512154 0.00276303291321 0.012876033783 0.000553131103516 7.50403285027 0.0 0.0 0.0 0.0 0.0 0.0 0.0 0.0}
replayTaskStats INV Cin__VSS__hl__ACQ_1 {0.04 0.0 6.03 1.16 1 7.6324031353 engnx05a.utdallas.edu 1746984534.94 1746984542.58 1 0.0325660705566 7.59697699547 0.00230193138123 0.0214281082153 0.000609159469604 7.56087779999 0.0 0.0 0.0 0.0 0.0 0.0 0.0 0.0}
replayTaskStats INV Cin__VDD__lh__ACQ_1 {0.06 0.04 5.81 1.2 1 7.47620201111 engnx05a.utdallas.edu 1746984542.58 1746984550.05 1 0.0786731243134 7.39480304718 0.00244212150574 0.0119268894196 0.000622987747192 7.36672592163 0.0 0.0 0.0 0.0 0.0 0.0 0.0 0.0}
replayTaskStats INV Cin__VDD__hl__ACQ_1 {0.03 0.01 5.8 1.16 1 7.36880087852 engnx05a.utdallas.edu 1746984550.05 1746984557.42 1 0.027272939682 7.33879995346 0.00221180915833 0.0148918628693 0.000567197799683 7.31071901321 0.0 0.0 0.0 0.0 0.0 0.0 0.0 0.0}
replayTaskStats INV configure {0.07 0.01 0.0 0.0 1 0.584282159805 engnx05a.utdallas.edu 1746997108.06 1746997108.65 1}
