replayTaskStats NAND2 configure {0.01 0.0 0.0 0.0 1 0.0124161243439 engnx05a.utdallas.edu 1746727979.8 1746727979.81 1}
replayTaskStats NAND2 configure {0.0 0.0 0.0 0.0 1 0.0154001712799 engnx05a.utdallas.edu 1746728052.23 1746728052.24 1}
replayTaskStats NAND2 configure {0.11 0.02 0.0 0.0 1 0.202363967896 engnx05a.utdallas.edu 1746728182.53 1746728182.73 1}
replayTaskStats NAND2 configure {0.1 0.01 0.0 0.0 1 0.237543821335 engnx05a.utdallas.edu 1746728186.3 1746728186.54 1}
replayTaskStats NAND2 delay__INA__lh__OUT__hl__ACQ_1 {0.11 0.01 6.12 1.27 1 8.00459623337 engnx05a.utdallas.edu 1746728195.17 1746728203.18 1 0.0930700302124 7.90813112259 0.00325512886047 0.0133459568024 0.000802993774414 7.7047958374 0.0 0.0 0.0 0.0 0.0 0.0 0.0 0.0}
replayTaskStats NAND2 delay__INA__hl__OUT__lh__ACQ_1 {0.07 0.0 6.06 1.15 1 7.73067498207 engnx05a.utdallas.edu 1746728203.18 1746728210.91 1 0.0445699691772 7.68350195885 0.00261402130127 0.0117158889771 0.000655889511108 7.64740204811 0.0 0.0 0.0 0.0 0.0 0.0 0.0 0.0}
replayTaskStats NAND2 delay__INB__lh__OUT__hl__ACQ_1 {0.06 0.01 6.09 1.15 1 7.70759606361 engnx05a.utdallas.edu 1746728210.91 1746728218.62 1 0.0405418872833 7.66443586349 0.00226902961731 0.0118980407715 0.000555992126465 7.63046312332 0.0 0.0 0.0 0.0 0.0 0.0 0.0 0.0}
replayTaskStats NAND2 leakage_power__ACQ_1 {0.05 0.01 5.98 1.16 1 7.65402603149 engnx05a.utdallas.edu 1746728226.43 1746728234.08 1 0.0512280464172 7.60022187233 0.00284481048584 0.00979399681091 0.00195407867432 7.57408690453 0.0 0.0 0.0 0.0 0.0 0.0 0.0 0.0}
replayTaskStats NAND2 Cin__VSS__lh__ACQ_1 {0.05 0.01 5.86 1.18 1 7.50231409073 engnx05a.utdallas.edu 1746728234.08 1746728241.58 1 0.0328271389008 7.46684098244 0.00236296653748 0.0101671218872 0.000630140304565 7.44266986847 0.0 0.0 0.0 0.0 0.0 0.0 0.0 0.0}
replayTaskStats NAND2 Cin__VSS__hl__ACQ_1 {0.04 0.0 5.97 1.21 1 7.59611415863 engnx05a.utdallas.edu 1746728241.58 1746728249.18 1 0.0321068763733 7.5614221096 0.00218605995178 0.00861692428589 0.00056004524231 7.5400788784 0.0 0.0 0.0 0.0 0.0 0.0 0.0 0.0}
replayTaskStats NAND2 delay__INB__hl__OUT__lh__ACQ_1 {0.06 0.0 6.19 1.17 1 7.80905985832 engnx05a.utdallas.edu 1746728218.62 1746728226.42 1 0.0398390293121 7.76665902138 0.00314116477966 0.0115041732788 0.000560998916626 7.7326130867 0.0 0.0 0.0 0.0 0.0 0.0 0.0 0.0}
replayTaskStats NAND2 Cin__VDD__lh__ACQ_1 {0.03 0.01 5.84 1.14 1 7.40828299522 engnx05a.utdallas.edu 1746728249.18 1746728256.59 1 0.0285279750824 7.37696099281 0.00252985954285 0.00907111167908 0.000623941421509 7.35326910019 0.0 0.0 0.0 0.0 0.0 0.0 0.0 0.0}
replayTaskStats NAND2 Cin__VDD__hl__ACQ_1 {0.05 0.0 5.86 1.16 1 7.4117372036 engnx05a.utdallas.edu 1746728256.59 1746728264.0 1 0.0333070755005 7.37570810318 0.00221920013428 0.00841403007507 0.000550985336304 7.35347604752 0.0 0.0 0.0 0.0 0.0 0.0 0.0 0.0}
replayTaskStats NAND2 modeling {0.13 0.01 0.0 0.0 1 0.184241056442 engnx05a.utdallas.edu 1746728438.89 1746728439.08 1}
replayTaskStats NAND2 configure {0.1 0.01 0.0 0.0 1 0.200208902359 engnx05a.utdallas.edu 1746757795.53 1746757795.73 1}
replayTaskStats NAND2 configure {0.11 0.01 0.0 0.0 1 0.210597991943 engnx05a.utdallas.edu 1746757804.94 1746757805.15 1}
replayTaskStats NAND2 delay__B__lh__OUT__hl__ACQ_1 {0.11 0.01 6.41 1.26 1 8.23815703392 engnx05a.utdallas.edu 1746757808.49 1746757816.73 1 0.0889320373535 8.14220285416 0.00280714035034 0.0172460079193 0.000738859176636 8.08670115471 0.0 0.0 0.0 0.0 0.0 0.0 0.0 0.0}
replayTaskStats NAND2 delay__B__hl__OUT__lh__ACQ_1 {0.06 0.0 6.24 1.21 1 8.00896000862 engnx05a.utdallas.edu 1746757816.73 1746757824.74 1 0.0413730144501 7.96354913712 0.00247406959534 0.0110399723053 0.000523090362549 7.93071699142 0.0 0.0 0.0 0.0 0.0 0.0 0.0 0.0}
replayTaskStats NAND2 delay__A__lh__OUT__hl__ACQ_1 {0.06 0.01 6.09 1.27 1 7.88600182533 engnx05a.utdallas.edu 1746757824.74 1746757832.63 1 0.0462698936462 7.83671092987 0.00220799446106 0.0121278762817 0.000572919845581 7.80189800262 0.0 0.0 0.0 0.0 0.0 0.0 0.0 0.0}
replayTaskStats NAND2 leakage_power__ACQ_1 {0.04 0.0 5.97 1.23 1 7.65397500992 engnx05a.utdallas.edu 1746757840.26 1746757847.92 1 0.0281269550323 7.62311697006 0.00221610069275 0.0122380256653 0.0013370513916 7.59760284424 0.0 0.0 0.0 0.0 0.0 0.0 0.0 0.0}
replayTaskStats NAND2 Cin__VSS__lh__ACQ_1 {0.04 0.0 5.9 1.16 1 7.55294513702 engnx05a.utdallas.edu 1746757847.92 1746757855.47 1 0.0316159725189 7.51882004738 0.00232005119324 0.0110421180725 0.00151896476746 7.4931910038 0.0 0.0 0.0 0.0 0.0 0.0 0.0 0.0}
replayTaskStats NAND2 Cin__VSS__hl__ACQ_1 {0.04 0.0 6.18 1.19 1 7.86714291573 engnx05a.utdallas.edu 1746757855.47 1746757863.34 1 0.0296819210052 7.83461093903 0.00210905075073 0.0115389823914 0.000506162643433 7.8108279705 0.0 0.0 0.0 0.0 0.0 0.0 0.0 0.0}
replayTaskStats NAND2 delay__A__hl__OUT__lh__ACQ_1 {0.06 0.01 6.0 1.14 1 7.63414907455 engnx05a.utdallas.edu 1746757832.63 1746757840.26 1 0.0418109893799 7.58950996399 0.00231313705444 0.0118579864502 0.000524044036865 7.55599498749 0.0 0.0 0.0 0.0 0.0 0.0 0.0 0.0}
replayTaskStats NAND2 Cin__VDD__lh__ACQ_1 {0.04 0.01 6.14 1.19 1 7.84185099602 engnx05a.utdallas.edu 1746757863.34 1746757871.19 1 0.0297360420227 7.8094959259 0.00331115722656 0.0122401714325 0.00054407119751 7.7834239006 0.0 0.0 0.0 0.0 0.0 0.0 0.0 0.0}
replayTaskStats NAND2 Cin__VDD__hl__ACQ_1 {0.05 0.0 5.92 1.21 1 7.60449695587 engnx05a.utdallas.edu 1746757871.19 1746757878.79 1 0.0317549705505 7.57018780708 0.00214791297913 0.0127010345459 0.000507116317749 7.54345321655 0.0 0.0 0.0 0.0 0.0 0.0 0.0 0.0}
replayTaskStats NAND2 modeling {0.13 0.01 0.0 0.0 1 0.189867019653 engnx05a.utdallas.edu 1746757968.66 1746757968.85 1}
replayTaskStats NAND2 modeling {0.22 0.04 0.0 0.0 1 0.550341129303 engnx05a.utdallas.edu 1746757977.71 1746757978.26 1}
replayTaskStats NAND2 modeling {0.17 0.01 0.0 0.0 1 0.282207012177 engnx05a.utdallas.edu 1746758016.22 1746758016.5 1}
