replayTaskStats XNOR2 configure {0.16 0.01 0.0 0.0 1 0.23518204689 engnx05a.utdallas.edu 1746730538.27 1746730538.51 1}
replayTaskStats XNOR2 delay__INA__hl__OUT__hl__ACQ_1 {0.13 0.01 6.73 1.33 1 8.91084504128 engnx05a.utdallas.edu 1746730547.83 1746730556.74 1 0.111727952957 8.79064393044 0.00330305099487 0.0122609138489 0.000707864761353 8.56642603874 0.0 0.0 0.0 0.0 0.0 0.0 0.0 0.0}
replayTaskStats XNOR2 delay__INA__hl__OUT__lh__ACQ_1 {0.06 0.0 6.58 1.28 1 8.36714601517 engnx05a.utdallas.edu 1746730556.74 1746730565.1 1 0.0390059947968 8.32558202744 0.00227904319763 0.012228012085 0.000595092773438 8.29129600525 0.0 0.0 0.0 0.0 0.0 0.0 0.0 0.0}
replayTaskStats XNOR2 delay__INA__lh__OUT__hl__ACQ_1 {0.06 0.01 6.67 1.25 1 8.49105095863 engnx05a.utdallas.edu 1746730565.11 1746730573.6 1 0.0385639667511 8.44978094101 0.00216507911682 0.0135049819946 0.000567197799683 8.41425800323 0.0 0.0 0.0 0.0 0.0 0.0 0.0 0.0}
replayTaskStats XNOR2 delay__INA__lh__OUT__lh__ACQ_1 {0.05 0.02 6.48 1.26 1 8.38886499405 engnx05a.utdallas.edu 1746730573.6 1746730581.99 1 0.0477740764618 8.33808994293 0.0029239654541 0.0244040489197 0.0012788772583 8.28110003471 0.0 0.0 0.0 0.0 0.0 0.0 0.0 0.0}
replayTaskStats XNOR2 delay__INB__hl__OUT__hl__ACQ_1 {0.08 0.03 6.58 1.24 1 8.74369716644 engnx05a.utdallas.edu 1746730581.99 1746730590.74 1 0.0850639343262 8.40101218224 0.0029890537262 0.0119030475616 0.000599145889282 8.36344099045 0.0 0.0 0.0 0.0 0.0 0.0 0.0 0.0}
replayTaskStats XNOR2 delay__INB__hl__OUT__lh__ACQ_1 {0.07 0.0 6.5 1.32 1 8.42515897751 engnx05a.utdallas.edu 1746730590.74 1746730599.16 1 0.0426709651947 8.37989091873 0.00221014022827 0.0113010406494 0.000603914260864 8.34608793259 0.0 0.0 0.0 0.0 0.0 0.0 0.0 0.0}
replayTaskStats XNOR2 leakage_power__ACQ_1 {0.04 0.01 6.44 1.34 1 8.51955580711 engnx05a.utdallas.edu 1746730616.36 1746730624.88 1 0.0328469276428 8.48239398003 0.0025429725647 0.00741600990295 0.00205421447754 8.45911383629 0.0 0.0 0.0 0.0 0.0 0.0 0.0 0.0}
replayTaskStats XNOR2 Cin__VSS__hl__ACQ_1 {0.05 0.0 6.37 1.32 1 8.222178936 engnx05a.utdallas.edu 1746730624.88 1746730633.11 1 0.0400807857513 8.17945098877 0.00221490859985 0.0104990005493 0.000610113143921 8.15405297279 0.0 0.0 0.0 0.0 0.0 0.0 0.0 0.0}
replayTaskStats XNOR2 delay__INB__lh__OUT__hl__ACQ_1 {0.06 0.01 6.72 1.32 1 8.59028697014 engnx05a.utdallas.edu 1746730599.16 1746730607.75 1 0.0400421619415 8.54740190506 0.00254893302917 0.014771938324 0.00062108039856 8.50938200951 0.0 0.0 0.0 0.0 0.0 0.0 0.0 0.0}
replayTaskStats XNOR2 delay__INB__lh__OUT__lh__ACQ_1 {0.07 0.0 6.66 1.29 1 8.59039998055 engnx05a.utdallas.edu 1746730607.75 1746730616.34 1 0.0557880401611 8.53172707558 0.00231599807739 0.0123620033264 0.000545024871826 8.49595594406 0.0 0.0 0.0 0.0 0.0 0.0 0.0 0.0}
replayTaskStats XNOR2 Cin__VSS__lh__ACQ_1 {0.05 0.01 6.29 1.24 1 8.20207691193 engnx05a.utdallas.edu 1746730633.11 1746730641.31 1 0.0368759632111 8.16090512276 0.00257205963135 0.0186591148376 0.000585079193115 8.12679815292 0.0 0.0 0.0 0.0 0.0 0.0 0.0 0.0}
replayTaskStats XNOR2 Cin__VDD__hl__ACQ_1 {0.06 0.0 5.98 1.22 1 7.83610010147 engnx05a.utdallas.edu 1746730641.31 1746730649.15 1 0.0547428131104 7.77679300308 0.00268387794495 0.00891494750977 0.000517845153809 7.75100302696 0.0 0.0 0.0 0.0 0.0 0.0 0.0 0.0}
replayTaskStats XNOR2 Cin__VDD__lh__ACQ_1 {0.03 0.01 6.12 1.18 1 7.75166010857 engnx05a.utdallas.edu 1746730649.15 1746730656.9 1 0.0301029682159 7.718998909 0.00284600257874 0.0188429355621 0.000622034072876 7.68623209 0.0 0.0 0.0 0.0 0.0 0.0 0.0 0.0}
replayTaskStats XNOR2 modeling {0.19 0.01 0.0 0.0 1 0.282571077347 engnx05a.utdallas.edu 1746730719.7 1746730719.99 1}
replayTaskStats XNOR2 modeling {0.18 0.0 0.0 0.0 1 0.259104967117 engnx05a.utdallas.edu 1746730722.33 1746730722.59 1}
replayTaskStats XNOR2 configure {0.16 0.02 0.0 0.0 1 0.295114040375 engnx05a.utdallas.edu 1746760908.56 1746760908.85 1}
replayTaskStats XNOR2 configure {0.16 0.0 0.0 0.0 1 0.289549827576 engnx05a.utdallas.edu 1746760910.41 1746760910.7 1}
replayTaskStats XNOR2 delay__A__hl__OUT__hl__ACQ_1 {0.12 0.01 6.91 1.39 1 9.01882600784 engnx05a.utdallas.edu 1746760917.64 1746760926.66 1 0.0954132080078 8.9202709198 0.00233197212219 0.0152130126953 0.000790119171143 8.69757199287 0.0 0.0 0.0 0.0 0.0 0.0 0.0 0.0}
replayTaskStats XNOR2 delay__A__hl__OUT__lh__ACQ_1 {0.06 0.0 6.71 1.24 1 8.74571895599 engnx05a.utdallas.edu 1746760926.66 1746760935.4 1 0.0496530532837 8.69293093681 0.0027129650116 0.0179500579834 0.000576019287109 8.65067791939 0.0 0.0 0.0 0.0 0.0 0.0 0.0 0.0}
replayTaskStats XNOR2 delay__A__lh__OUT__hl__ACQ_1 {0.08 0.01 6.8 1.33 1 8.76740288734 engnx05a.utdallas.edu 1746760935.41 1746760944.17 1 0.0502979755402 8.71430110931 0.00231099128723 0.0135760307312 0.00061297416687 8.67585587502 0.0 0.0 0.0 0.0 0.0 0.0 0.0 0.0}
replayTaskStats XNOR2 delay__A__lh__OUT__lh__ACQ_1 {0.07 0.01 6.41 1.25 1 8.30278706551 engnx05a.utdallas.edu 1746760944.17 1746760952.48 1 0.0427861213684 8.25498390198 0.0031430721283 0.0221138000488 0.000933885574341 8.20106983185 0.0 0.0 0.0 0.0 0.0 0.0 0.0 0.0}
replayTaskStats XNOR2 delay__B__hl__OUT__hl__ACQ_1 {0.09 0.01 6.33 1.27 1 8.16854810715 engnx05a.utdallas.edu 1746760952.48 1746760960.65 1 0.0826759338379 8.08283495903 0.00236010551453 0.0132460594177 0.000584125518799 8.04687190056 0.0 0.0 0.0 0.0 0.0 0.0 0.0 0.0}
replayTaskStats XNOR2 delay__B__hl__OUT__lh__ACQ_1 {0.06 0.0 6.38 1.18 1 8.03195500374 engnx05a.utdallas.edu 1746760960.65 1746760968.68 1 0.0411801338196 7.98816609383 0.00224208831787 0.0192019939423 0.000564098358154 7.9473388195 0.0 0.0 0.0 0.0 0.0 0.0 0.0 0.0}
replayTaskStats XNOR2 leakage_power__ACQ_1 {0.05 0.0 6.06 1.15 1 7.85008120537 engnx05a.utdallas.edu 1746760985.69 1746760993.54 1 0.0427491664886 7.80252099037 0.00267100334167 0.0172469615936 0.00242614746094 7.76835298538 0.0 0.0 0.0 0.0 0.0 0.0 0.0 0.0}
replayTaskStats XNOR2 Cin__VSS__hl__ACQ_1 {0.05 0.0 6.01 1.22 1 7.75460219383 engnx05a.utdallas.edu 1746760993.54 1746761001.3 1 0.044371843338 7.70723080635 0.00230693817139 0.0141110420227 0.00062894821167 7.67806792259 0.0 0.0 0.0 0.0 0.0 0.0 0.0 0.0}
replayTaskStats XNOR2 delay__B__lh__OUT__hl__ACQ_1 {0.06 0.01 6.45 1.29 1 8.29510092735 engnx05a.utdallas.edu 1746760968.68 1746760976.98 1 0.0416660308838 8.250852108 0.00222682952881 0.0127708911896 0.000564098358154 8.21350288391 0.0 0.0 0.0 0.0 0.0 0.0 0.0 0.0}
replayTaskStats XNOR2 delay__B__lh__OUT__lh__ACQ_1 {0.06 0.0 6.82 1.29 1 8.70991587639 engnx05a.utdallas.edu 1746760976.98 1746760985.69 1 0.0398859977722 8.66712784767 0.0109000205994 0.0223910808563 0.000626087188721 8.61350107193 0.0 0.0 0.0 0.0 0.0 0.0 0.0 0.0}
replayTaskStats XNOR2 Cin__VSS__lh__ACQ_1 {0.04 0.01 5.96 1.18 1 7.64638090134 engnx05a.utdallas.edu 1746761001.3 1746761008.95 1 0.0313990116119 7.61211395264 0.00267100334167 0.0150010585785 0.000712156295776 7.58233594894 0.0 0.0 0.0 0.0 0.0 0.0 0.0 0.0}
replayTaskStats XNOR2 Cin__VDD__hl__ACQ_1 {0.04 0.0 6.26 1.24 1 8.19896888733 engnx05a.utdallas.edu 1746761008.95 1746761017.15 1 0.0392220020294 8.1569378376 0.00227904319763 0.0113780498505 0.00056004524231 8.13051891327 0.0 0.0 0.0 0.0 0.0 0.0 0.0 0.0}
replayTaskStats XNOR2 Cin__VDD__lh__ACQ_1 {0.04 0.0 6.14 1.17 1 7.77160692215 engnx05a.utdallas.edu 1746761017.15 1746761024.92 1 0.0315141677856 7.73738908768 0.00241494178772 0.0131859779358 0.000547885894775 7.71054410934 0.0 0.0 0.0 0.0 0.0 0.0 0.0 0.0}
replayTaskStats XNOR2 configure {0.16 0.02 0.0 0.0 1 0.306661844254 engnx05a.utdallas.edu 1746761503.05 1746761503.36 1}
replayTaskStats XNOR2 delay__A__hl__OUT__hl__ACQ_1 {0.13 0.01 6.3 1.35 1 8.26577782631 engnx05a.utdallas.edu 1746761506.47 1746761514.73 1 0.101423978806 8.1609210968 0.00298190116882 0.0185449123383 0.00086784362793 7.95508694649 0.0 0.0 0.0 0.0 0.0 0.0 0.0 0.0}
replayTaskStats XNOR2 delay__A__hl__OUT__lh__ACQ_1 {0.07 0.01 6.29 1.18 1 8.09722590446 engnx05a.utdallas.edu 1746761514.73 1746761522.83 1 0.0636110305786 8.02974104881 0.00215601921082 0.0139122009277 0.000612020492554 7.99316287041 0.0 0.0 0.0 0.0 0.0 0.0 0.0 0.0}
replayTaskStats XNOR2 delay__A__lh__OUT__hl__ACQ_1 {0.06 0.0 6.29 1.18 1 7.98100304604 engnx05a.utdallas.edu 1746761522.83 1746761530.81 1 0.0422930717468 7.93582105637 0.00258207321167 0.0141627788544 0.000531911849976 7.89806890488 0.0 0.0 0.0 0.0 0.0 0.0 0.0 0.0}
replayTaskStats XNOR2 delay__A__lh__OUT__lh__ACQ_1 {0.08 0.02 6.32 1.16 1 8.10972690582 engnx05a.utdallas.edu 1746761530.81 1746761538.92 1 0.0490889549255 8.05725717545 0.00327301025391 0.0192370414734 0.00171709060669 7.99643278122 0.0 0.0 0.0 0.0 0.0 0.0 0.0 0.0}
replayTaskStats XNOR2 delay__B__hl__OUT__hl__ACQ_1 {0.08 0.03 6.36 1.21 1 8.1980612278 engnx05a.utdallas.edu 1746761538.93 1746761547.12 1 0.0908818244934 8.10405182838 0.00204801559448 0.02143907547 0.000565052032471 8.05592894554 0.0 0.0 0.0 0.0 0.0 0.0 0.0 0.0}
replayTaskStats XNOR2 delay__B__hl__OUT__lh__ACQ_1 {0.07 0.01 6.52 1.16 1 8.2487308979 engnx05a.utdallas.edu 1746761547.13 1746761555.37 1 0.0437290668488 8.20227408409 0.00221705436707 0.0170600414276 0.000891923904419 8.1620349884 0.0 0.0 0.0 0.0 0.0 0.0 0.0 0.0}
replayTaskStats XNOR2 delay__B__lh__OUT__hl__ACQ_1 {0.06 0.0 6.22 1.2 1 7.97548294067 engnx05a.utdallas.edu 1746761555.38 1746761563.35 1 0.044303894043 7.92849898338 0.00209712982178 0.0140290260315 0.000531911849976 7.89301586151 0.0 0.0 0.0 0.0 0.0 0.0 0.0 0.0}
replayTaskStats XNOR2 leakage_power__ACQ_1 {0.04 0.0 6.16 1.2 1 7.88121986389 engnx05a.utdallas.edu 1746761571.7 1746761579.58 1 0.027859210968 7.85024189949 0.0025200843811 0.0117290019989 0.00267887115479 7.82192611694 0.0 0.0 0.0 0.0 0.0 0.0 0.0 0.0}
replayTaskStats XNOR2 Cin__VSS__hl__ACQ_1 {0.06 0.0 5.91 1.18 1 7.61258196831 engnx05a.utdallas.edu 1746761579.58 1746761587.2 1 0.0460090637207 7.5635240078 0.00227189064026 0.011302947998 0.000623941421509 7.53570604324 0.0 0.0 0.0 0.0 0.0 0.0 0.0 0.0}
replayTaskStats XNOR2 Cin__VSS__lh__ACQ_1 {0.05 0.01 6.01 1.18 1 7.65453410149 engnx05a.utdallas.edu 1746761587.2 1746761594.85 1 0.0341730117798 7.61771202087 0.00249195098877 0.0178611278534 0.000735998153687 7.58404397964 0.0 0.0 0.0 0.0 0.0 0.0 0.0 0.0}
replayTaskStats XNOR2 delay__B__lh__OUT__lh__ACQ_1 {0.06 0.01 6.58 1.21 1 8.35038399696 engnx05a.utdallas.edu 1746761563.35 1746761571.7 1 0.0427670478821 8.3049621582 0.00266098976135 0.015242099762 0.000535011291504 8.26651000977 0.0 0.0 0.0 0.0 0.0 0.0 0.0 0.0}
replayTaskStats XNOR2 Cin__VDD__hl__ACQ_1 {0.04 0.0 6.11 1.15 1 7.68232607841 engnx05a.utdallas.edu 1746761594.85 1746761602.53 1 0.0308921337128 7.64882588387 0.0025908946991 0.0107090473175 0.000606775283813 7.62288498878 0.0 0.0 0.0 0.0 0.0 0.0 0.0 0.0}
replayTaskStats XNOR2 Cin__VDD__lh__ACQ_1 {0.04 0.0 6.0 1.16 1 7.65034508705 engnx05a.utdallas.edu 1746761602.54 1746761610.19 1 0.0320129394531 7.61575913429 0.0022280216217 0.0117440223694 0.000619173049927 7.59049391747 0.0 0.0 0.0 0.0 0.0 0.0 0.0 0.0}
replayTaskStats XNOR2 modeling {0.22 0.01 0.0 0.0 1 0.310534000397 engnx05a.utdallas.edu 1746761670.52 1746761670.83 1}
replayTaskStats XNOR2 modeling {0.21 0.0 0.0 0.0 1 0.287258863449 engnx05a.utdallas.edu 1746761673.43 1746761673.72 1}
